!MOLECULE
CCH
!MOLECULAR WEIGHT
25
!NUMBER OF ENERGY LEVELS
110
!LEVEL + ENERGIES[cm^-1] + WEIGHT + QNUM
    1      0.00000000      1.0      0 1 0      
    2      0.00150000      3.0      0 1 1      
    3      2.91296934      3.0      1 2 1      
    4      2.91407911      5.0      1 2 2      
    5      2.91690000      3.0      1 1 1      
    6      2.91708919      1.0      1 1 0      
    7      8.73920000      5.0      2 3 2      
    8      8.74020000      7.0      2 3 3      
    9      8.74499115      5.0      2 2 2      
   10      8.74537201      3.0      2 2 1      
   11     17.47879289      7.0      3 4 3      
   12     17.47970000      9.0      3 4 4      
   13     17.48650000      7.0      3 3 3      
   14     17.48700000      5.0      3 3 2      
   15     29.13148569      9.0      4 5 4      
   16     29.13234324     11.0      4 5 5      
   17     29.14119300      9.0      4 4 4      
   18     29.14170000      7.0      4 4 3      
   19     43.69694986     11.0      5 6 5      
   20     43.69780000     13.0      5 6 6      
   21     43.70868541     11.0      5 5 5      
   22     43.70920000      9.0      5 5 4      
   23     61.17479091     13.0      6 7 6      
   24     61.17550000     15.0      6 7 7      
   25     61.18850000     13.0      6 6 6      
   26     61.18906266     11.0      6 6 5      
   27     81.56440000     15.0      7 8 7      
   28     81.56510540     17.0      7 8 8      
   29     81.58018069     15.0      7 7 7      
   30     81.58079571     13.0      7 7 6      
   31    104.86520000     17.0      8 9 8      
   32    104.86600000     19.0      8 9 9      
   33    104.88310000     17.0      8 8 8      
   34    104.88370000     15.0      8 8 7      
   35    131.07659264     19.0      910 9      
   36    131.07738385     21.0      91010      
   37    131.09656418     19.0      9 9 9      
   38    131.09717325     17.0      9 9 8      
   39    160.19776381     21.0     101110      
   40    160.19850000     23.0     101111      
   41    160.21980000     21.0     101010      
   42    160.22040000     19.0     1010 9      
   43    192.22787666     23.0     111211      
   44    192.22857075     25.0     111212      
   45    192.25195364     23.0     111111      
   46    192.25255970     21.0     111110      
   47    227.16590000     25.0     121312      
   48    227.16660000     27.0     121313      
   49    227.19210000     25.0     121212      
   50    227.19270000     23.0     121211      
   51    265.01088342     27.0     131413      
   52    265.01157918     29.0     131414      
   53    265.03916354     27.0     131313      
   54    265.03976788     25.0     131312      
   55    305.76170000     29.0     141514      
   56    305.76240000     31.0     141515      
   57    305.79208667     29.0     141414      
   58    305.79269041     27.0     141413      
   59    349.41710000     31.0     151615      
   60    349.41780000     33.0     151616      
   61    349.44960000     31.0     151515      
   62    349.45020000     29.0     151514      
   63    395.97585728     33.0     161716      
   64    395.97655447     35.0     161717      
   65    396.01040000     33.0     161616      
   66    396.01100000     31.0     161615      
   67    445.43660000     35.0     171817      
   68    445.43730000     37.0     171818      
   69    445.47319869     35.0     171717      
   70    445.47380000     33.0     171716      
   71    497.79780000     37.0     181918      
   72    497.79850000     39.0     181919      
   73    497.83649740     37.0     181818      
   74    497.83709966     35.0     181817      
   75    553.05796601     39.0     192019      
   76    553.05866402     41.0     192020      
   77    553.09875036     39.0     191919      
   78    553.09935239     37.0     191918      
   79    611.21548699     41.0     202120      
   80    611.21618519     43.0     202121      
   81    611.25830000     41.0     202020      
   82    611.25897353     39.0     202019      
   83    672.26859054     43.0     212221      
   84    672.26928890     45.0     212222      
   85    672.31347556     43.0     212121      
   86    672.31410000     41.0     212120      
   87    736.21540000     45.0     222322      
   88    736.21610000     47.0     222323      
   89    736.26247606     45.0     222222      
   90    736.26307758     43.0     222221      
   91    803.05420000     47.0     232423      
   92    803.05490045     49.0     232424      
   93    803.10338735     47.0     232323      
   94    803.10398873     45.0     232322      
   95    872.78293780     49.0     242524      
   96    872.78370000     51.0     242525      
   97    872.83420000     49.0     242424      
   98    872.83480000     47.0     242423      
   99    945.39960000     51.0     252625      
  100    945.40030000     53.0     252626      
  101    945.45289877     51.0     252525      
  102    945.45349994     49.0     252524      
  103   1020.90190000     53.0     262726      
  104   1020.90260000     55.0     262727      
  105   1020.95730000     53.0     262626      
  106   1020.95792824     51.0     262625      
  107   1099.28773662     55.0     272827      
  108   1099.28843563     57.0     272828      
  109   1099.34522285     55.0     272727      
  110   1099.34592385     53.0     272726      
!NUMBER OF RADIATIVE TRANSITIONS
114
!TRANS + UP + LOW + EINSTEINA[s^-1] + FREQ[GHz] + E_u[K]
    1    3    2   2.806e-07       87.2841560      4.19
    2    4    2   1.653e-06       87.3169250      4.19
    3    3    1   1.373e-06       87.3286240      4.19
    4    5    2   1.376e-06       87.4020040      4.19
    5    5    2   1.658e-06       87.4071650      4.19
    6    5    1   2.822e-07       87.4465120      4.20
    7    7    4   1.588e-05      174.6632220      8.38
    8    7    3   1.473e-05      174.6676850      8.38
    9    9    5   1.254e-05      174.7217770      8.39
   10    9    5   8.831e-06      174.7281000      8.39
   11    9    5   5.498e-06      174.7331949      8.39
   12    9    4   2.890e-06      174.8068272      8.39
   13   11    7   5.742e-05      262.0042266     12.57
   14   11    7   5.524e-05      262.0064034     12.57
   15   13    9   5.275e-05      262.0648433     12.58
   16   13    9   4.827e-05      262.0673312     12.58
   17   13    9   6.492e-06      262.0787758     12.58
   18   13    7   4.277e-06      262.2084388     12.58
   19   15   11   1.412e-04      349.3374558     16.77
   20   15   11   1.379e-04      349.3387284     16.77
   21   17   13   1.352e-04      349.3989061     16.77
   22   17   13   1.297e-04      349.4002918     16.77
   23   19   15   2.819e-04      436.6603711     20.96
   24   19   15   2.775e-04      436.6612014     20.96
   25   21   17   2.748e-04      436.7222257     20.96
   26   21   17   2.681e-04      436.7231103     20.96
   27   23   19   4.946e-04      523.9704068     25.15
   28   23   19   4.890e-04      523.9709898     25.15
   29   25   21   4.864e-04      524.0324857     25.15
   30   25   21   4.784e-04      524.0330992     25.15
   31   27   23   7.940e-04      611.2649920     29.34
   32   27   23   7.872e-04      611.2654234     29.34
   33   27   25   7.846e-04      611.3272077     29.34
   34   28   25   7.755e-04      611.3276580     29.34
   35   31   27   1.195e-03      698.5415540     33.52
   36   31   27   1.187e-03      698.5418860     33.52
   37   31   27   1.184e-03      698.6038591     33.53
   38   31   28   1.174e-03      698.6042035     33.53
   39   35   31   1.712e-03      785.7975193     37.71
   40   35   31   1.703e-03      785.7977826     37.71
   41   35   31   1.701e-03      785.8598860     37.72
   42   35   31   1.689e-03      785.8601579     37.72
   43   39   35   2.361e-03      873.0303141     41.90
   44   39   35   2.350e-03      873.0305279     41.90
   45   39   35   2.348e-03      873.0927248     41.90
   46   39   35   2.335e-03      873.0929449     41.90
   47   43   39   3.154e-03      960.2373641     46.08
   48   43   39   3.143e-03      960.2375412     46.08
   49   43   39   3.140e-03      960.2998075     46.09
   50   43   39   3.127e-03      960.2999893     46.09
   51   47   43   4.109e-03     1047.4160952     50.27
   52   47   43   4.096e-03     1047.4162443     50.27
   53   47   43   4.094e-03     1047.4785635     50.27
   54   47   43   4.078e-03     1047.4787161     50.27
   55   51   47   5.238e-03     1134.5639331     54.45
   56   51   47   5.224e-03     1134.5640603     54.45
   57   51   47   5.222e-03     1134.6264208     54.45
   58   51   47   5.206e-03     1134.6265508     54.45
   59   55   51   6.558e-03     1221.6783035     58.63
   60   55   51   6.542e-03     1221.6784133     58.63
   61   55   51   6.541e-03     1221.7408065     58.63
   62   55   51   6.523e-03     1221.7409186     58.63
   63   59   55   8.080e-03     1308.7566321     62.81
   64   59   55   8.064e-03     1308.7567278     62.81
   65   59   55   8.062e-03     1308.8191475     62.81
   66   59   55   8.043e-03     1308.8192450     62.81
   67   63   59   9.821e-03     1395.7963444     66.99
   68   63   59   9.804e-03     1395.7964286     66.99
   69   63   59   9.802e-03     1395.8588699     66.99
   70   63   59   9.783e-03     1395.8589557     66.99
   71   67   63   1.180e-02     1482.7948661     71.16
   72   67   63   1.178e-02     1482.7949407     71.16
   73   67   63   1.178e-02     1482.8574000     71.17
   74   67   63   1.175e-02     1482.8574760     71.17
   75   71   67   1.402e-02     1569.7496228     75.34
   76   71   67   1.400e-02     1569.7496894     75.34
   77   71   67   1.400e-02     1569.8121638     75.34
   78   71   67   1.397e-02     1569.8122315     75.34
   79   75   71   1.650e-02     1656.6580401     79.51
   80   75   71   1.648e-02     1656.6580999     79.51
   81   75   71   1.648e-02     1656.7205871     79.51
   82   75   71   1.645e-02     1656.7206478     79.51
   83   79   75   1.926e-02     1743.5175437     83.68
   84   79   75   1.924e-02     1743.5175977     83.68
   85   79   75   1.923e-02     1743.5800957     83.68
   86   79   75   1.921e-02     1743.5801505     83.68
   87   83   79   2.231e-02     1830.3255591     87.84
   88   83   79   2.228e-02     1830.3256081     87.84
   89   83   79   2.228e-02     1830.3881155     87.84
   90   83   79   2.226e-02     1830.3881652     87.84
   91   87   83   2.566e-02     1917.0795119     92.01
   92   87   83   2.563e-02     1917.0795566     92.01
   93   87   83   2.563e-02     1917.1420721     92.01
   94   87   83   2.561e-02     1917.1421174     92.01
   95   91   87   2.933e-02     2003.7768277     96.17
   96   91   87   2.930e-02     2003.7768686     96.17
   97   91   87   2.930e-02     2003.8393913     96.17
   98   91   87   2.927e-02     2003.8394327     96.17
   99   95   91   3.333e-02     2090.4149322    100.32
  100   95   91   3.331e-02     2090.4149698    100.32
  101   95   91   3.330e-02     2090.4774987    100.33
  102   95   91   3.328e-02     2090.4775367    100.33
  103   99   95   3.767e-02     2176.9912510    104.48
  104   99   95   3.765e-02     2176.9912856    104.48
  105   99   95   3.765e-02     2177.0538200    104.48
  106   99   95   3.761e-02     2177.0538551    104.48
  107  103   99   4.238e-02     2263.5032095    108.63
  108  103   99   4.235e-02     2263.5032416    108.63
  109  103   99   4.235e-02     2263.5657809    108.63
  110  103   99   4.232e-02     2263.5658132    108.63
  111  107  103   4.746e-02     2349.9482335    112.78
  112  107  103   4.742e-02     2349.9482632    112.78
  113  107  103   4.743e-02     2350.0108069    112.78
  114  107  103   4.739e-02     2350.0108369    112.78
