!MOLECULE
CN
!MOLECULAR WEIGHT
26
!NUMBER OF ENERGY LEVELS
416
!LEVEL + ENERGIES[cm^-1] + WEIGHT + QNUM
    1      0.00000000      4.0      0 0 1 2    
    2      0.00070000      2.0      0 0 1 1    
    3      3.77408394      2.0      1 0 1 1    
    4      3.77565619      4.0      1 0 1 2    
    5      3.78565177      6.0      1 0 2 3    
    6      3.78625049      4.0      1 0 2 2    
    7      3.78660000      2.0      1 0 2 1    
    8     11.33473607      2.0      2 0 2 1    
    9     11.33525816      4.0      2 0 2 2    
   10     11.33620000      6.0      2 0 2 3    
   11     11.35340000      8.0      2 0 3 4    
   12     11.35400000      6.0      2 0 3 3    
   13     11.35436533      4.0      2 0 3 2    
   14     22.67710000      4.0      3 0 3 2    
   15     22.67764932      6.0      3 0 3 3    
   16     22.67840000      8.0      3 0 3 4    
   17     22.70280000     10.0      3 0 4 5    
   18     22.70340000      8.0      3 0 4 4    
   19     22.70387085      6.0      3 0 4 3    
   20     37.80060000      6.0      4 0 4 3    
   21     37.80113711      8.0      4 0 4 4    
   22     37.80186441     10.0      4 0 4 5    
   23     37.83349218     12.0      4 0 5 6    
   24     37.83405836     10.0      4 0 5 5    
   25     37.83455065      8.0      4 0 5 4    
   26     56.70469898      8.0      5 0 5 4    
   27     56.70526306     10.0      5 0 5 5    
   28     56.70595555     12.0      5 0 5 6    
   29     56.74480000     14.0      5 0 6 7    
   30     56.74537873     12.0      5 0 6 6    
   31     56.74588490     10.0      5 0 6 5    
   32     79.38863473     10.0      6 0 6 5    
   33     79.38919173     12.0      6 0 6 6    
   34     79.38986423     14.0      6 0 6 7    
   35     79.43596627     16.0      6 0 7 8    
   36     79.43652829     14.0      6 0 7 7    
   37     79.43704465     12.0      6 0 7 6    
   38    105.85150000     12.0      7 0 7 6    
   39    105.85205541     14.0      7 0 7 7    
   40    105.85270000     16.0      7 0 7 8    
   41    105.90609239     18.0      7 0 8 9    
   42    105.90665400     16.0      7 0 8 8    
   43    105.90717815     14.0      7 0 8 7    
   44    136.09220000     14.0      8 0 8 7    
   45    136.09274679     16.0      8 0 8 8    
   46    136.09340000     18.0      8 0 8 9    
   47    136.15400000     20.0      8 0 910    
   48    136.15460000     18.0      8 0 9 9    
   49    136.15510000     16.0      8 0 9 8    
   50    170.10951607     16.0      9 0 9 8    
   51    170.11007140     18.0      9 0 9 9    
   52    170.11071607     20.0      9 0 910    
   53    170.17855852     22.0      9 01011    
   54    170.17911974     20.0      9 01010    
   55    170.17965500     18.0      9 010 9    
   56    207.90210000     18.0     10 010 9    
   57    207.90265055     20.0     10 01010    
   58    207.90329931     22.0     10 01011    
   59    207.97839470     24.0     10 01112    
   60    207.97895234     22.0     10 01111    
   61    207.97949170     20.0     10 01110    
   62    249.46834264     20.0     11 01110    
   63    249.46890000     22.0     11 01111    
   64    249.46950000     24.0     11 01112    
   65    249.55188934     26.0     11 01213    
   66    249.55240000     24.0     11 01212    
   67    249.55298919     22.0     11 01211    
   68    294.80656581     22.0     12 01211    
   69    294.80710000     24.0     12 01212    
   70    294.80773633     26.0     12 01213    
   71    294.89739150     28.0     12 01314    
   72    294.89789100     26.0     12 01313    
   73    294.89843675     24.0     12 01312    
   74    343.91495327     24.0     13 01312    
   75    343.91549868     26.0     13 01313    
   76    343.91614057     28.0     13 01314    
   77    344.01300000     30.0     13 01415    
   78    344.01354696     28.0     13 01414    
   79    344.01409524     26.0     13 01413    
   80    396.79150779     26.0     14 01413    
   81    396.79205357     28.0     14 01414    
   82    396.79270000     30.0     14 01415    
   83    396.89680000     32.0     14 01516    
   84    396.89735892     30.0     14 01515    
   85    396.89790000     28.0     14 01514    
   86    453.43408041     28.0     15 01514    
   87    453.43462652     30.0     15 01515    
   88    453.43524937     32.0     15 01516    
   89    453.54660000     34.0     15 01617    
   90    453.54716045     32.0     15 01616    
   91    453.54770000     30.0     15 01615    
   92    513.84032170     30.0     16 01615    
   93    513.84086808     32.0     16 01616    
   94    513.84149035     34.0     16 01617    
   95    513.96009912     36.0     16 01718    
   96    513.96065426     34.0     16 01717    
   97    513.96120000     32.0     16 01716    
   98    578.00780000     32.0     17 01716    
   99    578.00834775     34.0     17 01717    
  100    578.00896951     36.0     17 01718    
  101    578.13483161     38.0     17 01819    
  102    578.13538650     36.0     17 01818    
  103    578.13593289     34.0     17 01817    
  104    645.93389664     34.0     18 01817    
  105    645.93446739     36.0     18 01818    
  106    645.93509515     38.0     18 01819    
  107    646.06820000     40.0     18 01920    
  108    646.06874843     38.0     18 01919    
  109    646.06930000     36.0     18 01918    
  110    717.61584408     36.0     19 01918    
  111    717.61640000     38.0     19 01919    
  112    717.61700000     40.0     19 01920    
  113    717.75739642     42.0     19 02021    
  114    717.75795088     40.0     19 02020    
  115    717.75849746     38.0     19 02019    
  116    793.05070000     38.0     20 02019    
  117    793.05125939     40.0     20 02020    
  118    793.05186725     42.0     20 02021    
  119    793.19950000     44.0     20 02122    
  120    793.20007534     42.0     20 02121    
  121    793.20060000     40.0     20 02120    
  122    872.23541587     40.0     21 02120    
  123    872.23600000     42.0     21 02121    
  124    872.23659171     44.0     21 02122    
  125    872.39146872     46.0     21 02223    
  126    872.39200000     44.0     21 02222    
  127    872.39256958     42.0     21 02221    
  128    955.16678511     42.0     22 02221    
  129    955.16729491     44.0     22 02222    
  130    955.16790000     46.0     22 02223    
  131    955.33008556     48.0     22 02324    
  132    955.33058541     46.0     22 02323    
  133    955.33114678     44.0     22 02322    
  134   1041.84131696     44.0     23 02322    
  135   1041.84185915     46.0     23 02323    
  136   1041.84246363     48.0     23 02324    
  137   1042.01190000     50.0     23 02425    
  138   1042.01241760     48.0     23 02424    
  139   1042.01297984     46.0     23 02423    
  140   1132.25560000     46.0     24 02423    
  141   1132.25615368     48.0     24 02424    
  142   1132.25675722     50.0     24 02425    
  143   1132.43340000     52.0     24 02526    
  144   1132.43396511     50.0     24 02525    
  145   1132.43450000     48.0     24 02524    
  146   1226.40585179     48.0     25 02524    
  147   1226.40640000     50.0     25 02525    
  148   1226.40700000     52.0     25 02526    
  149   1226.59090000     54.0     25 02627    
  150   1226.59146631     52.0     25 02626    
  151   1226.59200000     50.0     25 02625    
  152   1324.28825264     50.0     26 02625    
  153   1324.28880000     52.0     26 02626    
  154   1324.28940000     54.0     26 02627    
  155   1324.48056783     56.0     26 02728    
  156   1324.48110000     54.0     26 02727    
  157   1324.48166841     52.0     26 02726    
  158   1425.89882111     52.0     27 02726    
  159   1425.89936596     54.0     27 02727    
  160   1425.89996852     56.0     27 02728    
  161   1426.09840000     58.0     27 02829    
  162   1426.09892279     56.0     27 02828    
  163   1426.09948786     54.0     27 02827    
  164   1531.23340000     54.0     28 02827    
  165   1531.23396915     56.0     28 02828    
  166   1531.23456733     58.0     28 02829    
  167   1531.44020000     60.0     28 02930    
  168   1531.44077735     58.0     28 02929    
  169   1531.44132455     56.0     28 02928    
  170   1640.28766355     56.0     29 02928    
  171   1640.28820000     58.0     29 02929    
  172   1640.28880000     60.0     29 02930    
  173   1640.50171747     62.0     29 03031    
  174   1640.50227068     60.0     29 03030    
  175   1640.50288360     58.0     29 03029    
  176   1753.05714698     58.0     30 03029    
  177   1753.05769538     60.0     30 03030    
  178   1753.05829478     62.0     30 03031    
  179   1753.27850000     64.0     30 03132    
  180   1753.27904922     62.0     30 03131    
  181   1753.27960000     60.0     30 03130    
  182   1869.53726322     60.0     31 03130    
  183   1869.53781168     62.0     31 03131    
  184   1869.53840000     64.0     31 03132    
  185   1869.76586568     66.0     31 03233    
  186   1869.76640000     64.0     31 03232    
  187   1869.76696609     62.0     31 03231    
  188   1989.72325864     62.0     32 03231    
  189   1989.72380000     64.0     32 03232    
  190   1989.72435820     66.0     32 03233    
  191   1989.95910000     68.0     32 03334    
  192   1989.95960000     66.0     32 03333    
  193   1989.96020000     64.0     32 03332    
  194   2042.41680000      4.0      0 1 1 2    
  195   2042.41740000      2.0      0 1 1 1    
  196   2046.15605641      2.0      1 1 1 1    
  197   2046.15760000      4.0      1 1 1 2    
  198   2046.16750000      6.0      1 1 2 3    
  199   2046.16808852      4.0      1 1 2 2    
  200   2046.16845804      2.0      1 1 2 1    
  201   2053.64707099      2.0      2 1 2 1    
  202   2053.64758802      4.0      2 1 2 2    
  203   2053.64848865      6.0      2 1 2 3    
  204   2053.66548995      8.0      2 1 3 4    
  205   2053.66605075      6.0      2 1 3 3    
  206   2053.66647792      4.0      2 1 3 2    
  207   2064.88493249      4.0      3 1 3 2    
  208   2064.88545516      6.0      3 1 3 3    
  209   2064.88622393      8.0      3 1 3 4    
  210   2064.91035917     10.0      3 1 4 5    
  211   2064.91090000      8.0      3 1 4 4    
  212   2064.91137331      6.0      3 1 4 3    
  213   2079.86908519      6.0      4 1 4 3    
  214   2079.86961209      8.0      4 1 4 4    
  215   2079.87032294     10.0      4 1 4 5    
  216   2079.90160000     12.0      4 1 5 6    
  217   2079.90215049     10.0      4 1 5 5    
  218   2079.90262839      8.0      4 1 5 4    
  219   2098.59899850      8.0      5 1 5 4    
  220   2098.59951428     10.0      5 1 5 5    
  221   2098.60019351     12.0      5 1 5 6    
  222   2098.63862636     14.0      5 1 6 7    
  223   2098.63917599     12.0      5 1 6 6    
  224   2098.63970000     10.0      5 1 6 5    
  225   2113.61010000     64.0     33 03332    
  226   2113.61068262     66.0     33 03333    
  227   2113.61128213     68.0     33 03334    
  228   2113.85320000     70.0     33 03435    
  229   2113.85373668     68.0     33 03434    
  230   2113.85430000     66.0     33 03433    
  231   2121.07387520     10.0      6 1 6 5    
  232   2121.07440000     12.0      6 1 6 6    
  233   2121.07507520     14.0      6 1 6 7    
  234   2121.12070000     16.0      6 1 7 8    
  235   2121.12120000     14.0      6 1 7 7    
  236   2121.12170000     12.0      6 1 7 6    
  237   2147.29281280     12.0      7 1 7 6    
  238   2147.29334677     14.0      7 1 7 7    
  239   2147.29400000     16.0      7 1 7 8    
  240   2147.34680000     18.0      7 1 8 9    
  241   2147.34730000     16.0      7 1 8 8    
  242   2147.34780000     14.0      7 1 8 7    
  243   2177.25474292     14.0      8 1 8 7    
  244   2177.25528559     16.0      8 1 8 8    
  245   2177.25593327     18.0      8 1 8 9    
  246   2177.31589415     20.0      8 1 910    
  247   2177.31639415     18.0      8 1 9 9    
  248   2177.31689415     16.0      8 1 9 8    
  249   2210.95843751     16.0      9 1 9 8    
  250   2210.95898706     18.0      9 1 9 9    
  251   2210.95960000     20.0      9 1 910    
  252   2211.02670000     22.0      9 11011    
  253   2211.02725258     20.0      9 11010    
  254   2211.02775758     18.0      9 110 9    
  255   2241.19282948     66.0     34 03433    
  256   2241.19340000     68.0     34 03434    
  257   2241.19400000     70.0     34 03435    
  258   2241.44318373     72.0     34 03536    
  259   2241.44378367     70.0     34 03535    
  260   2241.44428407     68.0     34 03534    
  261   2248.40250000     18.0     10 110 9    
  262   2248.40303680     20.0     10 11010    
  263   2248.40365778     22.0     10 11011    
  264   2248.47792652     24.0     10 11112    
  265   2248.47847127     22.0     10 11111    
  266   2248.47900000     20.0     10 11110    
  267   2289.58539353     20.0     11 11110    
  268   2289.58596647     22.0     11 11111    
  269   2289.58658900     24.0     11 11112    
  270   2289.66800000     26.0     11 11213    
  271   2289.66855804     24.0     11 11212    
  272   2289.66906150     22.0     11 11211    
  273   2334.50542882     22.0     12 11211    
  274   2334.50600000     24.0     12 11212    
  275   2334.50659380     26.0     12 11213    
  276   2334.59519517     28.0     12 11314    
  277   2334.59573906     26.0     12 11313    
  278   2334.59629773     24.0     12 11312    
  279   2372.46624559     68.0     35 03534    
  280   2372.46674565     70.0     35 03535    
  281   2372.46734522     72.0     35 03536    
  282   2372.72379989     74.0     35 03637    
  283   2372.72439983     72.0     35 03636    
  284   2372.72490021     70.0     35 03635    
  285   2383.16078017     24.0     13 11312    
  286   2383.16130000     26.0     13 11313    
  287   2383.16190000     28.0     13 11314    
  288   2383.25768247     30.0     13 11415    
  289   2383.25820000     28.0     13 11414    
  290   2383.25878468     26.0     13 11413    
  291   2435.54936283     26.0     14 11413    
  292   2435.54987445     28.0     14 11414    
  293   2435.55049538     30.0     14 11415    
  294   2435.65346631     32.0     14 11516    
  295   2435.65396602     30.0     14 11515    
  296   2435.65450000     28.0     14 11514    
  297   2491.66906020     28.0     15 11514    
  298   2491.66960000     30.0     15 11515    
  299   2491.67020000     32.0     15 11516    
  300   2491.78039261     34.0     15 11617    
  301   2491.78089236     32.0     15 11616    
  302   2491.78139431     30.0     15 11615    
  303   2551.51760000     30.0     16 11615    
  304   2551.51813510     32.0     16 11616    
  305   2551.51873579     34.0     16 11617    
  306   2551.63610000     36.0     16 11718    
  307   2551.63660000     34.0     16 11717    
  308   2551.63710000     32.0     16 11716    
  309   2615.09248117     32.0     17 11716    
  310   2615.09305741     34.0     17 11717    
  311   2615.09368452     36.0     17 11718    
  312   2615.21810000     38.0     17 11819    
  313   2615.21865602     36.0     17 11818    
  314   2615.21915756     34.0     17 11817    
  315   2682.39110000     34.0     18 11817    
  316   2682.39170000     36.0     18 11818    
  317   2682.39225618     38.0     18 11819    
  318   2682.52388532     40.0     18 11920    
  319   2682.52440000     38.0     18 11919    
  320   2682.52498653     36.0     18 11918    
  321   2753.41066986     36.0     19 11918    
  322   2753.41120143     38.0     19 11919    
  323   2753.41180000     40.0     19 11920    
  324   2753.55060000     42.0     19 12021    
  325   2753.55114035     40.0     19 12020    
  326   2753.55168459     38.0     19 12019    
  327   2828.14829674     38.0     20 12019    
  328   2828.14880000     40.0     20 12020    
  329   2828.14939550     42.0     20 12021    
  330   2828.29536766     44.0     20 12122    
  331   2828.29590979     42.0     20 12121    
  332   2828.29646865     40.0     20 12120    
  333   2906.60084153     40.0     21 12120    
  334   2906.60134166     42.0     21 12121    
  335   2906.60194041     44.0     21 12122    
  336   2906.75510000     46.0     21 12223    
  337   2906.75570000     44.0     21 12222    
  338   2906.75620000     42.0     21 12221    
  339   2988.76510000     42.0     22 12221    
  340   2988.76560000     44.0     22 12222    
  341   2988.76620000     46.0     22 12223    
  342   2988.92650000     48.0     22 12324    
  343   2988.92710000     46.0     22 12323    
  344   2988.92760000     44.0     22 12322    
  345   3074.63766839     44.0     23 12322    
  346   3074.63816850     46.0     23 12323    
  347   3074.63876746     48.0     23 12324    
  348   3074.80623992     50.0     23 12425    
  349   3074.80680000     48.0     23 12424    
  350   3074.80734068     46.0     23 12423    
  351   3164.21500000     46.0     24 12423    
  352   3164.21550000     48.0     24 12424    
  353   3164.21610000     50.0     24 12425    
  354   3164.39080000     52.0     24 12526    
  355   3164.39130000     50.0     24 12525    
  356   3164.39190000     48.0     24 12524    
  357   3257.49340000     48.0     25 12524    
  358   3257.49391765     50.0     25 12525    
  359   3257.49451679     52.0     25 12526    
  360   3257.67638939     54.0     25 12627    
  361   3257.67688930     52.0     25 12626    
  362   3257.67749004     50.0     25 12625    
  363   3354.46904025     50.0     26 12625    
  364   3354.46960000     52.0     26 12626    
  365   3354.47020000     54.0     26 12627    
  366   3354.65920000     56.0     26 12728    
  367   3354.65970000     54.0     26 12727    
  368   3354.66030000     52.0     26 12726    
  369   3455.13790000     52.0     27 12726    
  370   3455.13845628     54.0     27 12727    
  371   3455.13905554     56.0     27 12728    
  372   3455.33520000     58.0     27 12829    
  373   3455.33572818     56.0     27 12828    
  374   3455.33630000     54.0     27 12827    
  375   3559.49580000     54.0     28 12827    
  376   3559.49640000     56.0     28 12828    
  377   3559.49700000     58.0     28 12829    
  378   3559.70028345     60.0     28 12930    
  379   3559.70088338     58.0     28 12929    
  380   3559.70138397     56.0     28 12928    
  381   3667.53845144     56.0     29 12928    
  382   3667.53900000     58.0     29 12929    
  383   3667.53960000     60.0     29 12930    
  384   3667.75010000     62.0     29 13031    
  385   3667.75070000     60.0     29 13030    
  386   3667.75120000     58.0     29 13029    
  387   3779.26140000     58.0     30 13029    
  388   3779.26190000     60.0     30 13030    
  389   3779.26250000     62.0     30 13031    
  390   3779.48019483     64.0     30 13132    
  391   3779.48079477     62.0     30 13131    
  392   3779.48129529     60.0     30 13130    
  393   3894.65997042     60.0     31 13130    
  394   3894.66047048     62.0     31 13131    
  395   3894.66106993     64.0     31 13132    
  396   3894.88594281     66.0     31 13233    
  397   3894.88650000     64.0     31 13232    
  398   3894.88704324     62.0     31 13231    
  399   4013.72940000     62.0     32 13231    
  400   4013.72994111     64.0     32 13232    
  401   4013.73050000     66.0     32 13233    
  402   4013.96260000     68.0     32 13334    
  403   4013.96310000     66.0     32 13333    
  404   4013.96370000     64.0     32 13332    
  405   4136.46478030     64.0     33 13332    
  406   4136.46530000     66.0     33 13333    
  407   4136.46587987     68.0     33 13334    
  408   4136.70510000     70.0     33 13435    
  409   4136.70565276     68.0     33 13434    
  410   4136.70620000     66.0     33 13433    
  411   4262.86103406     66.0     34 13433    
  412   4262.86153411     68.0     34 13434    
  413   4262.86213365     70.0     34 13435    
  414   4263.10850663     72.0     34 13536    
  415   4263.10910658     70.0     34 13535    
  416   4263.10960699     68.0     34 13534    
!NUMBER OF RADIATIVE TRANSITIONS
874
!TRANS + UP + LOW + EINSTEINA[s^-1] + FREQ[GHz] + E_u[K]
    1   196   195   1.258e-06     112.0820994      5.38
    2   196   194   1.023e-05     112.1016740      5.38
    3   197   195   5.028e-06     112.1289890      5.38
    4   197   194   6.475e-06     112.1485100      5.38
    5   199   195   6.527e-06     112.4428130      5.40
    6   198   194   1.160e-05     112.4450200      5.40
    7   200   195   1.033e-05     112.4538910      5.40
    8   199   194   5.073e-06     112.4622820      5.40
    9   200   194   1.271e-06     112.4733402      5.40
   10     3     2   1.286e-06     113.1233687      5.43
   11     3     1   1.053e-05     113.1441900      5.43
   12     4     2   5.145e-06     113.1705350      5.43
   13     4     1   6.681e-06     113.1913250      5.43
   14     6     2   6.734e-06     113.4881420      5.45
   15     5     1   1.192e-05     113.4909850      5.45
   16     7     2   1.063e-05     113.4996430      5.45
   17     6     1   5.191e-06     113.5089340      5.45
   18     7     1   1.299e-06     113.5204215      5.45
   19   201   200   1.007e-05     224.2038672     10.76
   20   201   199   8.039e-06     224.2149224     10.76
   21   202   200   4.060e-06     224.2193667     10.76
   22   202   199   9.690e-06     224.2303330     10.76
   23   202   198   4.426e-06     224.2477213     10.76
   24   203   199   3.043e-06     224.2574193     10.76
   25   203   198   1.560e-05     224.2746240     10.76
   26   201   197   1.039e-05     224.5286916     10.78
   27   202   197   4.134e-05     224.5441920     10.78
   28   203   197   9.215e-05     224.5711920     10.78
   29   201   196   8.226e-05     224.5756480     10.78
   30   202   196   5.126e-05     224.5910970     10.78
   31   205   199   9.352e-05     224.7836316     10.79
   32   204   198   1.112e-04     224.7840836     10.79
   33   206   200   8.349e-05     224.7853010     10.79
   34   206   199   2.660e-05     224.7963600     10.79
   35   205   198   1.765e-05     224.8008960     10.79
   36   206   198   1.100e-06     224.8137023     10.79
   37     8     7   1.030e-05     226.2874265     10.86
   38     8     6   8.227e-06     226.2989240     10.86
   39     9     7   4.171e-06     226.3030784     10.86
   40     9     6   9.907e-06     226.3145400     10.86
   41     9     5   4.555e-06     226.3325364     10.86
   42    10     6   3.157e-06     226.3419306     10.86
   43    10     5   1.608e-05     226.3598710     10.86
   44     8     4   1.073e-05     226.6165554     10.88
   45     9     4   4.259e-05     226.6321900     10.88
   46    10     4   9.467e-05     226.6595750     10.88
   47     8     3   8.465e-05     226.6637030     10.88
   48     9     3   5.268e-05     226.6793820     10.88
   49    12     6   9.622e-05     226.8741660     10.89
   50    11     5   1.143e-04     226.8747450     10.89
   51    13     7   8.587e-05     226.8758970     10.89
   52    13     6   2.731e-05     226.8873520     10.89
   53    12     5   1.810e-05     226.8921190     10.89
   54    13     5   1.127e-06     226.9053771     10.89
   55    12     4   1.429e-09     227.1918386     10.90
   56   207   206   2.210e-05     336.3208217     16.14
   57   207   205   4.222e-06     336.3335931     16.14
   58   208   206   2.860e-06     336.3365117     16.14
   59   208   205   2.070e-05     336.3492831     16.14
   60   208   204   2.903e-06     336.3661305     16.14
   61   209   205   2.248e-06     336.3722998     16.14
   62   209   204   2.461e-05     336.3891472     16.14
   63   207   203   3.777e-06     336.8598054     16.17
   64   208   203   6.018e-05     336.8754570     16.17
   65   207   202   9.007e-05     336.8867530     16.17
   66   209   203   3.741e-04     336.8984880     16.17
   67   207   201   2.807e-04     336.9024220     16.17
   68   208   202   3.143e-04     336.9024220     16.17
   69   211   205   3.691e-04     337.1123970     16.18
   70   210   204   4.018e-04     337.1123970     16.18
   71   212   206   3.573e-04     337.1131815     16.18
   72   212   205   4.361e-05     337.1259170     16.18
   73   211   204   3.264e-05     337.1290280     16.18
   74   212   204   9.040e-07     337.1428002     16.18
   75    14    13   2.264e-05     339.4467770     16.29
   76    14    12   4.330e-06     339.4599961     16.29
   77    15    13   2.950e-06     339.4626826     16.29
   78    15    12   2.124e-05     339.4759040     16.29
   79    15    11   2.986e-06     339.4932723     16.29
   80    16    12   2.333e-06     339.4992902     16.29
   81    16    11   2.535e-05     339.5166580     16.29
   82    14    10   3.893e-06     339.9922728     16.32
   83    15    10   6.197e-05     340.0080970     16.32
   84    14     9   9.270e-05     340.0196020     16.32
   85    16    10   3.845e-04     340.0315440     16.32
   86    14     8   2.887e-04     340.0354080     16.32
   87    15     9   3.231e-04     340.0354080     16.32
   88    18    12   3.797e-04     340.2477700     16.33
   89    17    11   4.131e-04     340.2477700     16.33
   90    19    13   3.674e-04     340.2485764     16.33
   91    19    12   4.479e-05     340.2618180     16.33
   92    18    11   3.351e-05     340.2650250     16.33
   93    19    11   9.272e-07     340.2791661     16.33
   94   213   212   3.191e-05     448.4213879     21.52
   95   213   211   2.844e-06     448.4351104     21.52
   96   214   212   2.174e-06     448.4371842     21.52
   97   214   211   3.059e-05     448.4509067     21.52
   98   214   210   2.167e-06     448.4675603     21.52
   99   215   211   1.789e-06     448.4722174     21.52
  100   215   210   3.350e-05     448.4888710     21.52
  101   213   209   2.171e-06     449.1750409     21.56
  102   214   209   7.789e-05     449.1908373     21.56
  103   213   208   1.037e-04     449.1980576     21.56
  104   215   209   9.505e-04     449.2121480     21.56
  105   213   207   8.451e-04     449.2137477     21.56
  106   214   208   8.729e-04     449.2138540     21.56
  107   217   211   9.387e-04     449.4263834     21.57
  108   216   210   9.873e-04     449.4264910     21.57
  109   218   212   9.259e-04     449.4269880     21.57
  110   218   211   6.079e-05     449.4407105     21.57
  111   217   210   4.858e-05     449.4430370     21.57
  112   218   210   7.571e-07     449.4573641     21.57
  113    20    19   3.273e-05     452.5897255     21.72
  114    20    18   2.920e-06     452.6038821     21.72
  115    21    19   2.246e-06     452.6057575     21.72
  116    21    18   3.141e-05     452.6199141     21.72
  117    21    17   2.229e-06     452.6370457     21.72
  118    22    18   1.857e-06     452.6416167     21.72
  119    22    17   3.450e-05     452.6587483     21.72
  120    20    16   2.236e-06     453.3522210     21.76
  121    21    16   8.017e-05     453.3682530     21.76
  122    20    15   1.067e-04     453.3756193     21.76
  123    22    16   9.771e-04     453.3900570     21.76
  124    20    14   8.689e-04     453.3916680     21.76
  125    21    15   8.975e-04     453.3916680     21.76
  126    24    18   9.652e-04     453.6067400     21.77
  127    23    17   1.015e-03     453.6067400     21.77
  128    25    19   9.520e-04     453.6071839     21.77
  129    25    18   6.245e-05     453.6213405     21.77
  130    24    17   4.989e-05     453.6237137     21.77
  131    25    17   7.770e-07     453.6384721     21.77
  132   219   218   4.112e-05     560.5026308     26.90
  133   219   217   2.141e-06     560.5169579     26.90
  134   220   218   1.749e-06     560.5184949     26.90
  135   220   217   3.998e-05     560.5328220     26.90
  136   220   216   1.730e-06     560.5493680     26.90
  137   221   217   1.487e-06     560.5531849     26.90
  138   221   216   4.229e-05     560.5697309     26.90
  139   219   215   1.494e-06     561.4711239     26.95
  140   220   215   9.537e-05     561.4869880     26.95
  141   219   214   1.191e-04     561.4924346     26.95
  142   221   215   1.925e-03     561.5073509     26.95
  143   219   213   1.805e-03     561.5082309     26.95
  144   220   214   1.830e-03     561.5082987     26.95
  145   223   217   1.907e-03     561.7218503     26.96
  146   222   216   1.972e-03     561.7219187     26.96
  147   224   218   1.893e-03     561.7222687     26.96
  148   224   217   7.803e-05     561.7365958     26.96
  149   223   216   6.498e-05     561.7383963     26.96
  150    26    25   4.220e-05     565.7133526     27.15
  151    26    24   2.199e-06     565.7281111     27.15
  152    27    25   1.808e-06     565.7294714     27.15
  153    27    24   4.108e-05     565.7442299     27.15
  154    27    23   1.780e-06     565.7612235     27.15
  155    28    24   1.543e-06     565.7649904     27.15
  156    28    23   4.355e-05     565.7819839     27.15
  157    26    22   1.538e-06     566.6930764     27.20
  158    27    22   9.813e-05     566.7091953     27.20
  159    26    21   1.226e-04     566.7147790     27.20
  160    28    22   1.979e-03     566.7306300     27.20
  161    26    20   1.856e-03     566.7306300     27.20
  162    27    21   1.882e-03     566.7306300     27.20
  163    30    24   1.960e-03     566.9469740     27.21
  164    29    23   2.027e-03     566.9469740     27.21
  165    31    25   1.946e-03     566.9469740     27.21
  166    31    24   8.018e-05     566.9620422     27.21
  167    30    23   6.676e-05     566.9638609     27.21
  168    31    23   6.657e-07     566.9790357     27.21
  169   231   224   5.008e-05     672.5603903     32.28
  170   231   223   1.716e-06     672.5751358     32.28
  171   232   224   1.462e-06     672.5763014     32.28
  172   232   223   4.911e-05     672.5910469     32.28
  173   232   222   1.440e-06     672.6075245     32.28
  174   233   223   1.272e-06     672.6108066     32.28
  175   233   222   5.104e-05     672.6272842     32.28
  176   232   221   1.128e-04     673.7597123     32.34
  177   231   220   1.352e-04     673.7641641     32.34
  178   233   221   3.402e-03     673.7798080     32.34
  179   231   219   3.266e-03     673.7798080     32.34
  180   232   220   3.290e-03     673.7798080     32.34
  181   235   223   3.376e-03     673.9941500     32.35
  182   234   222   3.458e-03     673.9941500     32.35
  183   236   224   3.362e-03     673.9941500     32.35
  184   236   223   9.530e-05     674.0091772     32.35
  185   235   222   8.165e-05     674.0106026     32.35
  186    32    31   5.143e-05     678.8135261     32.58
  187    32    30   1.762e-06     678.8287010     32.58
  188    33    31   1.512e-06     678.8297052     32.58
  189    33    30   5.046e-05     678.8448800     32.58
  190    33    29   1.481e-06     678.8617857     32.58
  191    34    30   1.320e-06     678.8650409     32.58
  192    34    29   5.254e-05     678.8819466     32.58
  193    32    28   1.163e-06     680.0105779     32.64
  194    33    28   1.160e-04     680.0267570     32.64
  195    32    27   1.391e-04     680.0313384     32.64
  196    34    28   3.498e-03     680.0472550     32.64
  197    32    26   3.358e-03     680.0472550     32.64
  198    33    27   3.383e-03     680.0472550     32.64
  199    36    30   3.472e-03     680.2640510     32.65
  200    35    29   3.556e-03     680.2640510     32.65
  201    37    31   3.457e-03     680.2640510     32.65
  202    37    30   9.795e-05     680.2794744     32.65
  203    36    29   8.390e-05     680.2809001     32.65
  204    37    29   5.813e-07     680.2963801     32.65
  205   237   236   5.892e-05     784.5902234     37.65
  206   238   235   5.808e-05     784.6212212     37.66
  207   239   234   5.975e-05     784.6569936     37.66
  208   238   233   1.301e-04     786.0045396     37.72
  209   237   232   1.517e-04     786.0083537     37.72
  210   239   233   5.485e-03     786.0238817     37.72
  211   237   231   5.332e-03     786.0242648     37.72
  212   238   232   5.355e-03     786.0242993     37.72
  213   241   235   5.453e-03     786.2387140     37.73
  214   240   234   5.551e-03     786.2387140     37.73
  215   242   236   5.437e-03     786.2387140     37.73
  216   242   235   1.126e-04     786.2539187     37.73
  217   241   234   9.847e-05     786.2550623     37.73
  218    38    37   6.051e-05     791.8858149     38.00
  219    38    36   1.470e-06     791.9012949     38.01
  220    39    37   1.298e-06     791.9020381     38.01
  221    39    36   5.969e-05     791.9175181     38.01
  222    39    35   1.269e-06     791.9343631     38.01
  223    40    36   1.154e-06     791.9372639     38.01
  224    40    35   6.149e-05     791.9541088     38.01
  225    38    34   9.317e-07     793.3002483     38.07
  226    39    34   1.338e-04     793.3164716     38.07
  227    38    33   1.561e-04     793.3204092     38.07
  228    40    34   5.639e-03     793.3364470     38.07
  229    38    32   5.482e-03     793.3364470     38.07
  230    39    33   5.506e-03     793.3364470     38.07
  231    42    36   5.606e-03     793.5534060     38.08
  232    41    35   5.707e-03     793.5534060     38.08
  233    43    37   5.591e-03     793.5534060     38.08
  234    43    36   1.157e-04     793.5691113     38.09
  235    42    35   1.012e-04     793.5702429     38.09
  236    43    35   5.152e-07     793.5859563     38.09
  237   243   242   6.769e-05     896.5875928     43.03
  238   244   241   6.695e-05     896.6188515     43.03
  239   245   240   6.844e-05     896.6542829     43.03
  240   244   239   1.474e-04     898.2169202     43.11
  241   243   238   1.684e-04     898.2202903     43.11
  242   245   239   8.276e-03     898.2361620     43.11
  243   243   237   8.107e-03     898.2361620     43.11
  244   244   238   8.129e-03     898.2361620     43.11
  245   247   241   8.236e-03     898.4508400     43.12
  246   246   240   8.351e-03     898.4508400     43.12
  247   248   242   8.222e-03     898.4508400     43.12
  248   248   241   1.299e-04     898.4662439     43.12
  249   247   240   1.154e-04     898.4671676     43.12
  250    44    43   6.952e-05     904.9256911     43.43
  251    44    42   1.261e-06     904.9414044     43.43
  252    45    43   1.137e-06     904.9419481     43.43
  253    45    42   6.882e-05     904.9576615     43.43
  254    45    41   1.109e-06     904.9744619     43.43
  255    46    42   1.024e-06     904.9771028     43.43
  256    46    41   7.042e-05     904.9939032     43.43
  257    44    40   7.752e-07     906.5575385     43.51
  258    45    40   1.516e-04     906.5737956     43.51
  259    44    39   1.732e-04     906.5772842     43.51
  260    46    40   8.509e-03     906.5933880     43.51
  261    44    38   8.336e-03     906.5933880     43.51
  262    45    39   8.359e-03     906.5933880     43.51
  263    48    42   8.469e-03     906.8104840     43.52
  264    47    41   8.588e-03     906.8104840     43.52
  265    49    43   8.454e-03     906.8104840     43.52
  266    49    42   1.335e-04     906.8263850     43.52
  267    48    41   1.186e-04     906.8272879     43.52
  268    49    41   4.624e-07     906.8431854     43.52
  269   249   248   7.641e-05    1008.5479221     48.40
  270   250   247   7.575e-05    1008.5793868     48.40
  271   251   246   7.708e-05    1008.6145574     48.41
  272   250   245   1.647e-04    1010.3922715     48.49
  273   249   244   1.852e-04    1010.3953145     48.49
  274   251   245   1.188e-02    1010.4110731     48.49
  275   249   243   1.169e-02    1010.4112865     48.49
  276   250   244   1.171e-02    1010.4113073     48.49
  277   253   247   1.183e-02    1010.6259355     48.50
  278   252   246   1.196e-02    1010.6259565     48.50
  279   254   248   1.182e-02    1010.6260854     48.50
  280   254   247   1.471e-04    1010.6415572     48.50
  281   253   246   1.324e-04    1010.6423046     48.50
  282    50    49   7.848e-05    1017.9285873     48.85
  283    50    48   1.103e-06    1017.9444847     48.85
  284    51    49   1.012e-06    1017.9448710     48.85
  285    51    48   7.788e-05    1017.9607685     48.85
  286    51    47   9.852e-07    1017.9775349     48.86
  287    52    48   9.210e-07    1017.9799770     48.86
  288    52    47   7.932e-05    1017.9967433     48.86
  289    50    46   6.629e-07    1019.7778695     48.94
  290    51    46   1.694e-04    1019.7941533     48.94
  291    50    45   1.905e-04    1019.7973108     48.94
  292    52    46   1.221e-02    1019.8134800     48.94
  293    50    44   1.202e-02    1019.8134800     48.94
  294    51    45   1.205e-02    1019.8134800     48.94
  295    54    48   1.217e-02    1020.0306030     48.95
  296    53    47   1.230e-02    1020.0306030     48.95
  297    55    49   1.215e-02    1020.0306030     48.95
  298    55    48   1.512e-04    1020.0467083     48.95
  299    54    47   1.361e-04    1020.0474282     48.95
  300    55    47   4.192e-07    1020.0634747     48.96
  301   261   254   8.507e-05    1120.4666168     53.77
  302   262   253   8.451e-05    1120.4982482     53.78
  303   263   252   8.571e-05    1120.5332130     53.78
  304   262   251   1.819e-04    1122.5259953     53.87
  305   261   250   2.021e-04    1122.5287872     53.87
  306   263   251   1.640e-02    1122.5446120     53.87
  307   261   249   1.620e-02    1122.5447801     53.87
  308   262   250   1.622e-02    1122.5447969     53.87
  309   265   253   1.634e-02    1122.7595085     53.88
  310   264   252   1.649e-02    1122.7595254     53.88
  311   266   254   1.633e-02    1122.7596323     53.88
  312   266   253   1.644e-04    1122.7752539     53.88
  313   265   252   1.494e-04    1122.7758566     53.88
  314    56    55   8.739e-05    1130.8899171     54.27
  315    56    54   9.806e-07    1130.9059636     54.27
  316    57    55   9.108e-07    1130.9062225     54.27
  317    57    54   8.686e-05    1130.9222691     54.28
  318    57    53   8.862e-07    1130.9390085     54.28
  319    58    54   8.365e-07    1130.9412937     54.28
  320    58    53   8.820e-05    1130.9580332     54.28
  321    56    52   5.786e-07    1132.9566485     54.37
  322    57    52   1.871e-04    1132.9729539     54.37
  323    56    51   2.079e-04    1132.9758569     54.37
  324    58    52   1.686e-02    1132.9919785     54.38
  325    56    50   1.665e-02    1132.9921407     54.38
  326    57    51   1.667e-02    1132.9921623     54.38
  327    60    54   1.680e-02    1133.2093147     54.39
  328    59    53   1.696e-02    1133.2093365     54.39
  329    61    55   1.679e-02    1133.2094378     54.39
  330    61    54   1.689e-04    1133.2254844     54.39
  331    60    53   1.535e-04    1133.2260542     54.39
  332    61    53   3.833e-07    1133.2422238     54.39
  333   267   266   9.372e-05    1232.3390725     59.14
  334   268   265   9.320e-05    1232.3708416     59.14
  335   269   264   9.433e-05    1232.4056398     59.15
  336   268   263   1.992e-04    1234.6134852     59.25
  337   267   262   2.190e-04    1234.6160783     59.25
  338   269   263   2.193e-02    1234.6319522     59.25
  339   267   261   2.171e-02    1234.6320880     59.25
  340   268   262   2.173e-02    1234.6321019     59.25
  341   271   265   2.187e-02    1234.8468744     59.26
  342   270   264   2.204e-02    1234.8468884     59.26
  343   272   266   2.186e-02    1234.8469783     59.26
  344   272   265   1.816e-04    1234.8627238     59.26
  345   271   264   1.664e-04    1234.8632055     59.26
  346    62    61   9.629e-05    1243.8050844     59.69
  347    62    60   8.824e-07    1243.8212540     59.69
  348    63    61   8.281e-07    1243.8214077     59.69
  349    63    60   9.583e-05    1243.8375773     59.69
  350    63    59   8.052e-07    1243.8542951     59.70
  351    64    60   7.662e-07    1243.8564532     59.70
  352    64    59   9.706e-05    1243.8731709     59.70
  353    62    58   5.130e-07    1246.0892751     59.80
  354    63    58   2.049e-04    1246.1055984     59.80
  355    62    57   2.253e-04    1246.1082997     59.80
  356    64    58   2.255e-02    1246.1244742     59.80
  357    62    56   2.233e-02    1246.1246051     59.80
  358    63    57   2.235e-02    1246.1246230     59.80
  359    66    60   2.249e-02    1246.3418376     59.81
  360    65    59   2.266e-02    1246.3418556     59.81
  361    67    61   2.247e-02    1246.3419410     59.81
  362    67    60   1.867e-04    1246.3581107     59.82
  363    66    59   1.711e-04    1246.3585553     59.82
  364    67    59   3.529e-07    1246.3748284     59.82
  365   273   272   1.023e-04    1344.1606796     64.51
  366   274   271   1.019e-04    1344.1925643     64.51
  367   275   270   1.029e-04    1344.2272248     64.51
  368   274   269   2.164e-04    1346.6501301     64.63
  369   273   268   2.360e-04    1346.6525617     64.63
  370   275   269   2.859e-02    1346.6684734     64.63
  371   273   267   2.835e-02    1346.6685854     64.63
  372   274   268   2.837e-02    1346.6685971     64.63
  373   277   271   2.852e-02    1346.8834154     64.64
  374   276   270   2.870e-02    1346.8834272     64.64
  375   278   272   2.850e-02    1346.8835040     64.64
  376   278   271   1.988e-04    1346.8993534     64.64
  377   277   270   1.835e-04    1346.8997326     64.64
  378    68    67   1.051e-04    1356.6694873     65.11
  379    68    66   8.020e-07    1356.6857604     65.11
  380    69    67   7.591e-07    1356.6858257     65.11
  381    69    66   1.047e-04    1356.7020987     65.11
  382    69    65   7.376e-07    1356.7187985     65.11
  383    70    66   7.067e-07    1356.7208516     65.11
  384    70    65   1.059e-04    1356.7375514     65.11
  385    68    64   4.605e-07    1359.1711449     65.23
  386    69    64   2.225e-04    1359.1874832     65.23
  387    68    63   2.428e-04    1359.1900207     65.23
  388    70    64   2.939e-02    1359.2062361     65.23
  389    68    62   2.915e-02    1359.2063440     65.23
  390    69    63   2.917e-02    1359.2063590     65.23
  391    72    66   2.932e-02    1359.4236206     65.24
  392    71    65   2.951e-02    1359.4236357     65.24
  393    73    67   2.931e-02    1359.4237087     65.24
  394    73    66   2.043e-04    1359.4399817     65.24
  395    72    65   1.886e-04    1359.4403203     65.24
  396    73    65   3.269e-07    1359.4566815     65.24
  397   285   278   1.109e-04    1455.9268249     69.87
  398   286   277   1.105e-04    1455.9588082     69.88
  399   287   276   1.115e-04    1455.9933530     69.88
  400   286   275   2.336e-04    1458.6313159     70.00
  401   285   274   2.530e-04    1458.6336140     70.00
  402   287   275   3.646e-02    1458.6495554     70.00
  403   285   273   3.620e-02    1458.6496493     70.00
  404   286   274   3.622e-02    1458.6496593     70.00
  405   289   277   3.639e-02    1458.8645131     70.01
  406   288   276   3.658e-02    1458.8645231     70.01
  407   290   278   3.637e-02    1458.8645895     70.01
  408   290   277   2.160e-04    1458.8805275     70.02
  409   289   276   2.005e-04    1458.8808185     70.02
  410    74    73   1.140e-04    1469.4785209     70.52
  411    75    73   7.007e-07    1469.4948720     70.52
  412    74    72   7.350e-07    1469.4948820     70.52
  413    75    72   1.136e-04    1469.5112331     70.53
  414    75    71   6.804e-07    1469.5279178     70.53
  415    76    72   6.556e-07    1469.5298827     70.53
  416    76    71   1.147e-04    1469.5465674     70.53
  417    74    70   4.176e-07    1472.1976510     70.65
  418    75    70   2.402e-04    1472.2140021     70.66
  419    74    69   2.602e-04    1472.2164038     70.66
  420    76    70   3.749e-02    1472.2326517     70.66
  421    74    68   3.722e-02    1472.2327422     70.66
  422    75    69   3.724e-02    1472.2327550     70.66
  423    78    72   3.741e-02    1472.4500528     70.67
  424    77    71   3.762e-02    1472.4500657     70.67
  425    79    73   3.740e-02    1472.4501287     70.67
  426    79    72   2.220e-04    1472.4664899     70.67
  427    78    71   2.061e-04    1472.4667375     70.67
  428    79    71   3.045e-07    1472.4831746     70.67
  429   291   290   1.195e-04    1567.6328933     75.23
  430   292   289   1.191e-04    1567.6649616     75.24
  431   293   288   1.201e-04    1567.6994079     75.24
  432   292   287   2.507e-04    1570.5524271     75.37
  433   291   286   2.700e-04    1570.5546126     75.37
  434   293   287   4.564e-02    1570.5705781     75.38
  435   291   285   4.538e-02    1570.5706580     75.38
  436   292   286   4.540e-02    1570.5706666     75.38
  437   295   289   4.557e-02    1570.7855484     75.39
  438   294   288   4.578e-02    1570.7855570     75.39
  439   296   290   4.555e-02    1570.7856149     75.39
  440   296   289   2.331e-04    1570.8016292     75.39
  441   295   288   2.175e-04    1570.8018437     75.39
  442    80    79   1.228e-04    1582.2275777     75.93
  443    81    79   6.505e-07    1582.2439398     75.94
  444    80    78   6.781e-07    1582.2440147     75.94
  445    81    78   1.225e-04    1582.2603769     75.94
  446    81    77   6.314e-07    1582.2770487     75.94
  447    82    78   6.115e-07    1582.2789385     75.94
  448    82    77   1.235e-04    1582.2956103     75.94
  449    80    76   3.819e-07    1585.1641848     76.08
  450    81    76   2.579e-04    1585.1805470     76.08
  451    80    75   2.777e-04    1585.1828344     76.08
  452    82    76   4.693e-02    1585.1991086     76.08
  453    80    74   4.666e-02    1585.1991856     76.08
  454    81    75   4.668e-02    1585.1991966     76.08
  455    84    78   4.685e-02    1585.4165231     76.09
  456    83    77   4.708e-02    1585.4165342     76.09
  457    85    79   4.684e-02    1585.4165892     76.09
  458    85    78   2.397e-04    1585.4330263     76.09
  459    84    77   2.236e-04    1585.4331949     76.09
  460    85    77   2.849e-07    1585.4496981     76.09
  461   297   296   1.280e-04    1679.2742686     80.59
  462   298   295   1.277e-04    1679.3064108     80.59
  463   299   294   1.286e-04    1679.3407722     80.60
  464   298   293   2.678e-04    1682.4088466     80.74
  465   297   292   2.869e-04    1682.4109362     80.74
  466   299   293   5.626e-02    1682.4269213     80.74
  467   297   291   5.597e-02    1682.4269901     80.74
  468   298   292   5.599e-02    1682.4269976     80.74
  469   301   295   5.618e-02    1682.6419020     80.75
  470   300   294   5.642e-02    1682.6419095     80.75
  471   302   296   5.617e-02    1682.6419604     80.75
  472   302   295   2.503e-04    1682.6580412     80.75
  473   301   294   2.346e-04    1682.6581887     80.75
  474    86    85   1.316e-04    1694.9120492     81.34
  475    87    85   6.069e-07    1694.9284210     81.34
  476    86    84   6.295e-07    1694.9285524     81.34
  477    87    84   1.313e-04    1694.9449241     81.34
  478    87    83   5.889e-07    1694.9615849     81.35
  479    88    84   5.728e-07    1694.9634099     81.35
  480    88    83   1.323e-04    1694.9800707     81.35
  481    86    82   3.518e-07    1698.0661369     81.49
  482    87    82   2.754e-04    1698.0825087     81.50
  483    86    81   2.951e-04    1698.0846986     81.50
  484    88    82   5.785e-02    1698.1009945     81.50
  485    86    80   5.756e-02    1698.1010607     81.50
  486    87    81   5.757e-02    1698.1010703     81.50
  487    90    84   5.777e-02    1698.3184198     81.51
  488    89    83   5.800e-02    1698.3184295     81.51
  489    91    85   5.774e-02    1698.3184779     81.51
  490    91    84   2.572e-04    1698.3349811     81.51
  491    90    83   2.411e-04    1698.3350805     81.51
  492    91    83   2.677e-07    1698.3516419     81.51
  493   303   302   1.366e-04    1790.8463332     85.95
  494   304   301   1.363e-04    1790.8785405     85.95
  495   305   300   1.371e-04    1790.9128279     85.95
  496   304   299   2.849e-04    1794.1959569     86.11
  497   303   298   3.039e-04    1794.1979636     86.11
  498   305   299   6.839e-02    1794.2139652     86.11
  499   303   297   6.810e-02    1794.2140250     86.11
  500   304   298   6.811e-02    1794.2140316     86.11
  501   307   301   6.831e-02    1794.4289543     86.12
  502   306   300   6.855e-02    1794.4289609     86.12
  503   308   302   6.829e-02    1794.4290060     86.12
  504   308   301   2.674e-04    1794.4451453     86.12
  505   307   300   2.516e-04    1794.4452335     86.12
  506    92    91   1.404e-04    1807.5273258     86.75
  507    93    91   5.688e-07    1807.5437060     86.75
  508    92    90   5.872e-07    1807.5438871     86.75
  509    93    90   1.401e-04    1807.5602674     86.75
  510    93    89   5.518e-07    1807.5769184     86.75
  511    94    90   5.387e-07    1807.5786871     86.75
  512    94    89   1.410e-04    1807.5953382     86.75
  513    92    88   3.260e-07    1810.8988970     86.91
  514    93    88   2.931e-04    1810.9152772     86.91
  515    92    87   3.125e-04    1810.9173828     86.91
  516    94    88   7.033e-02    1810.9336970     86.91
  517    92    86   7.001e-02    1810.9337546     86.91
  518    93    87   7.002e-02    1810.9337630     86.91
  519    96    90   7.023e-02    1811.1511313     86.92
  520    95    89   7.048e-02    1811.1511397     86.92
  521    97    91   7.022e-02    1811.1511827     86.92
  522    97    90   2.748e-04    1811.1677440     86.92
  523    96    89   2.587e-04    1811.1677824     86.92
  524    97    89   2.523e-07    1811.1843951     86.92
  525   309   308   1.451e-04    1902.3444693     91.30
  526   310   307   1.448e-04    1902.3767342     91.30
  527   311   306   1.456e-04    1902.4109566     91.30
  528   310   305   3.020e-04    1905.9091397     91.47
  529   309   304   3.208e-04    1905.9110741     91.47
  530   311   305   8.215e-02    1905.9270896     91.47
  531   309   303   8.182e-02    1905.9271421     91.47
  532   310   304   8.184e-02    1905.9271480     91.47
  533   313   307   8.206e-02    1906.1420858     91.48
  534   312   306   8.233e-02    1906.1420917     91.48
  535   314   308   8.204e-02    1906.1421320     91.48
  536   314   307   2.844e-04    1906.1583229     91.48
  537   313   306   2.686e-04    1906.1583584     91.48
  538    98    97   1.491e-04    1920.0687974     92.15
  539    99    97   5.351e-07    1920.0851851     92.15
  540    98    96   5.501e-07    1920.0854102     92.15
  541    99    96   1.489e-04    1920.1017979     92.15
  542    99    95   5.189e-07    1920.1184405     92.15
  543   100    96   5.083e-07    1920.1201596     92.15
  544   100    95   1.498e-04    1920.1368022     92.15
  545    99    94   3.106e-04    1923.6742421     92.32
  546    98    93   3.299e-04    1923.6762741     92.32
  547   100    94   8.446e-02    1923.6926037     92.32
  548    98    92   8.414e-02    1923.6926543     92.32
  549    99    93   8.416e-02    1923.6926618     92.32
  550   102    96   8.437e-02    1923.9100456     92.33
  551   101    95   8.464e-02    1923.9100531     92.33
  552   103    97   8.435e-02    1923.9100915     92.33
  553   102    95   2.761e-04    1923.9266882     92.33
  554   103    96   2.924e-04    1923.9267042     92.33
  555   315   314   1.536e-04    2013.7640584     96.65
  556   316   313   1.533e-04    2013.7963746     96.65
  557   317   312   1.541e-04    2013.8305395     96.65
  558   316   311   3.190e-04    2017.5437764     96.83
  559   315   310   3.377e-04    2017.5456472     96.83
  560   317   311   9.762e-02    2017.5616745     96.83
  561   315   309   9.729e-02    2017.5617210     96.83
  562   316   310   9.730e-02    2017.5617262     96.83
  563   319   313   9.751e-02    2017.7766767     96.84
  564   318   312   9.781e-02    2017.7766820     96.84
  565   320   314   9.751e-02    2017.7767182     96.84
  566   319   312   2.855e-04    2017.7929435     96.84
  567   320   313   3.014e-04    2017.7929553     96.84
  568   104   103   1.578e-04    2032.5318533     97.55
  569   105   102   1.577e-04    2032.5649063     97.55
  570   106   101   1.585e-04    2032.5998517     97.55
  571   105   100   3.281e-04    2036.3547923     97.73
  572   104    99   3.474e-04    2036.3567596     97.73
  573   106   100   1.004e-01    2036.3731026     97.73
  574   104    98   1.000e-01    2036.3731473     97.73
  575   105    99   1.000e-01    2036.3731540     97.73
  576   108   102   1.003e-01    2036.5905507     97.74
  577   107   101   1.006e-01    2036.5905574     97.74
  578   109   103   1.002e-01    2036.5905919     97.74
  579   108   101   2.936e-04    2036.6071858     97.74
  580   109   102   3.099e-04    2036.6072506     97.74
  581   321   320   1.621e-04    2125.1004817    101.99
  582   322   319   1.618e-04    2125.1328440    101.99
  583   323   318   1.626e-04    2125.1669575    101.99
  584   322   317   3.359e-04    2129.0952480    102.18
  585   321   316   3.546e-04    2129.0970624    102.18
  586   323   317   1.149e-01    2129.1131000    102.18
  587   321   315   1.145e-01    2129.1131415    102.18
  588   322   316   1.146e-01    2129.1131461    102.18
  589   325   319   1.148e-01    2129.3281073    102.19
  590   324   318   1.151e-01    2129.3281120    102.19
  591   326   320   1.148e-01    2129.3281447    102.19
  592   325   318   3.025e-04    2129.3443688    102.19
  593   326   319   3.184e-04    2129.3444233    102.19
  594   110   109   1.665e-04    2144.9118824    102.94
  595   111   108   1.664e-04    2144.9449826    102.94
  596   112   107   1.672e-04    2144.9798754    102.94
  597   111   106   3.456e-04    2148.9523167    103.13
  598   110   105   3.647e-04    2148.9542266    103.13
  599   112   106   1.182e-01    2148.9705811    103.13
  600   110   104   1.178e-01    2148.9706210    103.13
  601   111   105   1.178e-01    2148.9706270    103.13
  602   114   108   1.181e-01    2149.1880347    103.14
  603   113   107   1.184e-01    2149.1880407    103.14
  604   115   109   1.180e-01    2149.1880718    103.14
  605   114   107   3.109e-04    2149.2046631    103.15
  606   115   108   3.274e-04    2149.2047717    103.15
  607   328   323   3.529e-04    2240.5589354    107.53
  608   327   322   3.714e-04    2240.5606995    107.53
  609   329   323   1.341e-01    2240.5767460    107.53
  610   327   321   1.337e-01    2240.5767832    107.53
  611   328   322   1.338e-01    2240.5767874    107.53
  612   331   325   1.340e-01    2240.7917577    107.54
  613   330   324   1.343e-01    2240.7917620    107.54
  614   332   326   1.340e-01    2240.7917916    107.54
  615   331   324   3.193e-04    2240.8080146    107.54
  616   332   325   3.354e-04    2240.8081076    107.54
  617   116   115   1.752e-04    2257.2042735    108.33
  618   117   114   1.751e-04    2257.2374163    108.33
  619   118   113   1.759e-04    2257.2722619    108.33
  620   117   112   3.630e-04    2261.4622039    108.53
  621   116   111   3.820e-04    2261.4640625    108.53
  622   118   112   1.379e-01    2261.4804272    108.53
  623   116   110   1.375e-01    2261.4804629    108.53
  624   117   111   1.375e-01    2261.4804683    108.53
  625   120   114   1.378e-01    2261.6978853    108.54
  626   119   113   1.381e-01    2261.6978907    108.54
  627   121   115   1.378e-01    2261.6979190    108.54
  628   120   113   3.284e-04    2261.7145077    108.55
  629   121   114   3.448e-04    2261.7146561    108.55
  630   335   329   1.553e-01    2351.9479926    112.88
  631   333   327   1.549e-01    2351.9480261    112.88
  632   334   328   1.549e-01    2351.9480300    112.88
  633   337   331   1.552e-01    2352.1630081    112.89
  634   336   330   1.555e-01    2352.1630120    112.89
  635   338   332   1.552e-01    2352.1630390    112.89
  636   122   121   1.839e-04    2369.4044151    113.71
  637   123   120   1.838e-04    2369.4375965    113.72
  638   124   119   1.845e-04    2369.4723996    113.72
  639   123   118   3.803e-04    2373.8798423    113.93
  640   122   117   3.993e-04    2373.8816549    113.93
  641   124   118   1.597e-01    2373.8980284    113.93
  642   122   116   1.593e-01    2373.8980607    113.93
  643   123   117   1.593e-01    2373.8980656    113.93
  644   126   120   1.596e-01    2374.1154906    113.94
  645   125   119   1.599e-01    2374.1154955    113.94
  646   127   121   1.596e-01    2374.1155213    113.94
  647   126   119   3.457e-04    2374.1321076    113.94
  648   127   120   3.622e-04    2374.1322920    113.94
  649   341   335   1.786e-01    2463.2222198    118.22
  650   339   333   1.782e-01    2463.2222502    118.22
  651   340   334   1.782e-01    2463.2222536    118.22
  652   343   337   1.785e-01    2463.4372386    118.23
  653   342   336   1.788e-01    2463.4372421    118.23
  654   344   338   1.785e-01    2463.4372668    118.23
  655   128   127   1.925e-04    2481.5076956    119.09
  656   129   126   1.924e-04    2481.5409123    119.10
  657   130   125   1.932e-04    2481.5756767    119.10
  658   129   124   3.976e-04    2486.2006202    119.32
  659   128   123   4.166e-04    2486.2023912    119.32
  660   130   124   1.837e-01    2486.2187726    119.32
  661   128   122   1.832e-01    2486.2188019    119.32
  662   129   123   1.833e-01    2486.2188063    119.32
  663   132   126   1.836e-01    2486.4362383    119.33
  664   131   125   1.839e-01    2486.4362428    119.33
  665   133   127   1.835e-01    2486.4362664    119.33
  666   132   125   3.630e-04    2486.4528504    119.33
  667   133   126   3.795e-04    2486.4530679    119.33
  668   347   341   2.041e-01    2574.3948075    123.55
  669   345   339   2.037e-01    2574.3948352    123.55
  670   346   340   2.037e-01    2574.3948384    123.55
  671   349   343   2.040e-01    2574.6098292    123.56
  672   348   342   2.044e-01    2574.6098324    123.56
  673   350   344   2.040e-01    2574.6098552    123.56
  674   134   133   2.011e-04    2593.5095034    124.47
  675   135   132   2.010e-04    2593.5427522    124.47
  676   136   131   2.018e-04    2593.5774815    124.47
  677   135   130   4.149e-04    2598.4199259    124.70
  678   134   129   4.337e-04    2598.4216590    124.70
  679   136   130   2.099e-01    2598.4380476    124.71
  680   134   128   2.095e-01    2598.4380742    124.71
  681   135   129   2.095e-01    2598.4380783    124.71
  682   138   132   2.098e-01    2598.6555163    124.72
  683   137   131   2.101e-01    2598.6555204    124.72
  684   139   133   2.098e-01    2598.6555421    124.72
  685   138   131   3.802e-04    2598.6721239    124.72
  686   139   132   3.968e-04    2598.6723717    124.72
  687   353   347   2.319e-01    2685.4611358    128.88
  688   351   345   2.315e-01    2685.4611611    128.88
  689   352   346   2.315e-01    2685.4611641    128.88
  690   355   349   2.318e-01    2685.6761601    128.89
  691   354   348   2.322e-01    2685.6761630    128.89
  692   356   350   2.318e-01    2685.6761840    128.89
  693   140   139   2.097e-04    2705.4052266    129.84
  694   141   138   2.097e-04    2705.4385050    129.84
  695   142   137   2.104e-04    2705.4732021    129.84
  696   141   136   4.322e-04    2710.5331473    130.09
  697   140   135   4.509e-04    2710.5348460    130.09
  698   142   136   2.385e-01    2710.5512410    130.09
  699   140   134   2.380e-01    2710.5512653    130.09
  700   141   135   2.380e-01    2710.5512690    130.09
  701   144   138   2.384e-01    2710.7687124    130.10
  702   143   137   2.388e-01    2710.7687161    130.10
  703   145   139   2.384e-01    2710.7687361    130.10
  704   144   137   3.975e-04    2710.7853158    130.10
  705   145   138   4.140e-04    2710.7855915    130.10
  706   359   353   2.621e-01    2796.4165848    134.21
  707   357   351   2.617e-01    2796.4166080    134.21
  708   358   352   2.617e-01    2796.4166107    134.21
  709   361   355   2.620e-01    2796.6316113    134.22
  710   360   354   2.624e-01    2796.6316140    134.22
  711   362   356   2.619e-01    2796.6316334    134.22
  712   146   145   2.183e-04    2817.1902534    135.20
  713   147   144   2.182e-04    2817.2235590    135.21
  714   148   143   2.189e-04    2817.2582265    135.21
  715   147   142   4.494e-04    2822.5356727    135.46
  716   146   141   4.680e-04    2822.5373399    135.46
  717   148   142   2.695e-01    2822.5537406    135.46
  718   146   140   2.691e-01    2822.5537629    135.46
  719   147   141   2.691e-01    2822.5537663    135.46
  720   150   144   2.694e-01    2822.7712143    135.47
  721   149   143   2.698e-01    2822.7712178    135.47
  722   151   145   2.694e-01    2822.7712363    135.47
  723   150   143   4.147e-04    2822.7878141    135.47
  724   151   144   4.313e-04    2822.7881155    135.47
  725   365   359   2.948e-01    2907.2565344    139.53
  726   363   357   2.943e-01    2907.2565558    139.53
  727   364   358   2.943e-01    2907.2565583    139.53
  728   367   361   2.947e-01    2907.4715629    139.54
  729   366   360   2.951e-01    2907.4715654    139.54
  730   368   362   2.946e-01    2907.4715834    139.54
  731   152   151   2.268e-04    2928.8599717    140.56
  732   153   150   2.268e-04    2928.8933025    140.56
  733   154   149   2.274e-04    2928.9279428    140.57
  734   153   148   4.665e-04    2934.4228900    140.83
  735   152   147   4.851e-04    2934.4245282    140.83
  736   154   148   3.031e-01    2934.4409341    140.83
  737   152   146   3.026e-01    2934.4409547    140.83
  738   153   147   3.027e-01    2934.4409579    140.83
  739   156   150   3.030e-01    2934.6584100    140.84
  740   155   149   3.034e-01    2934.6584132    140.84
  741   157   151   3.030e-01    2934.6584304    140.84
  742   156   149   4.317e-04    2934.6750063    140.84
  743   157   150   4.484e-04    2934.6753315    140.84
  744   371   365   3.300e-01    3017.9763646    144.84
  745   369   363   3.295e-01    3017.9763844    144.84
  746   370   364   3.295e-01    3017.9763867    144.84
  747   373   367   3.298e-01    3018.1913950    144.85
  748   372   366   3.303e-01    3018.1913973    144.85
  749   374   368   3.298e-01    3018.1914141    144.85
  750   158   157   2.353e-04    3040.4097697    145.92
  751   159   156   2.353e-04    3040.4431238    145.92
  752   160   155   2.360e-04    3040.4777390    145.92
  753   159   154   4.836e-04    3046.1901873    146.19
  754   158   153   5.022e-04    3046.1917987    146.19
  755   160   154   3.394e-01    3046.2082094    146.19
  756   158   152   3.389e-01    3046.2082284    146.19
  757   159   153   3.389e-01    3046.2082313    146.19
  758   162   156   3.392e-01    3046.4256872    146.21
  759   161   155   3.397e-01    3046.4256901    146.21
  760   163   157   3.392e-01    3046.4257061    146.21
  761   162   155   4.489e-04    3046.4422802    146.21
  762   163   156   4.655e-04    3046.4426276    146.21
  763   377   371   3.678e-01    3128.5714556    150.15
  764   375   369   3.674e-01    3128.5714739    150.15
  765   376   370   3.674e-01    3128.5714761    150.15
  766   379   373   3.677e-01    3128.7864876    150.16
  767   378   372   3.682e-01    3128.7864897    150.16
  768   380   374   3.677e-01    3128.7865053    150.16
  769   164   163   2.438e-04    3151.8350352    151.26
  770   165   162   2.438e-04    3151.8684111    151.27
  771   166   161   2.444e-04    3151.9030029    151.27
  772   165   160   5.006e-04    3157.8329523    151.55
  773   164   159   5.190e-04    3157.8345391    151.55
  774   166   160   3.783e-01    3157.8509541    151.55
  775   164   158   3.778e-01    3157.8509717    151.55
  776   165   159   3.778e-01    3157.8509744    151.55
  777   168   162   3.782e-01    3158.0684336    151.56
  778   167   161   3.786e-01    3158.0684363    151.56
  779   169   163   3.781e-01    3158.0684512    151.56
  780   168   161   4.658e-04    3158.0850236    151.56
  781   169   162   4.826e-04    3158.0853917    151.56
  782   383   377   4.085e-01    3239.0371872    155.45
  783   381   375   4.080e-01    3239.0372043    155.45
  784   382   376   4.080e-01    3239.0372063    155.45
  785   385   379   4.084e-01    3239.2522207    155.46
  786   384   378   4.088e-01    3239.2522227    155.46
  787   386   380   4.084e-01    3239.2522373    155.46
  788   170   169   2.522e-04    3263.1311564    156.61
  789   171   168   2.522e-04    3263.1645525    156.61
  790   172   167   2.528e-04    3263.1991226    156.61
  791   171   166   5.174e-04    3269.3465732    156.90
  792   170   165   5.359e-04    3269.3481370    156.90
  793   172   166   4.201e-01    3269.3645560    156.90
  794   170   164   4.196e-01    3269.3645724    156.90
  795   171   165   4.195e-01    3269.3645749    156.90
  796   174   168   4.200e-01    3269.5820370    156.92
  797   173   167   4.204e-01    3269.5820396    156.92
  798   175   169   4.199e-01    3269.5820535    156.92
  799   174   167   4.828e-04    3269.5986243    156.92
  800   175   168   4.995e-04    3269.5990117    156.92
  801   389   383   4.520e-01    3349.3689396    160.74
  802   387   381   4.514e-01    3349.3689555    160.74
  803   388   382   4.514e-01    3349.3689574    160.74
  804   391   385   4.519e-01    3349.5839744    160.75
  805   390   384   4.523e-01    3349.5839763    160.75
  806   392   386   4.518e-01    3349.5839899    160.75
  807   177   172   5.344e-04    3380.7264378    162.25
  808   176   171   5.528e-04    3380.7279802    162.25
  809   178   172   4.648e-01    3380.7444029    162.25
  810   176   170   4.642e-01    3380.7444181    162.25
  811   177   171   4.643e-01    3380.7444206    162.25
  812   180   174   4.646e-01    3380.9618853    162.26
  813   179   173   4.652e-01    3380.9618877    162.26
  814   181   175   4.647e-01    3380.9619008    162.26
  815   180   173   4.997e-04    3380.9784700    162.26
  816   181   174   5.163e-04    3380.9788754    162.26
  817   395   389   4.983e-01    3459.5620928    166.03
  818   393   387   4.977e-01    3459.5621076    166.03
  819   394   388   4.978e-01    3459.5621094    166.03
  820   397   391   4.982e-01    3459.7771287    166.04
  821   396   390   4.987e-01    3459.7771305    166.04
  822   398   392   4.981e-01    3459.7771433    166.04
  823   183   178   5.512e-04    3491.9679339    167.59
  824   182   177   5.695e-04    3491.9694564    167.59
  825   184   178   5.125e-01    3491.9858825    167.59
  826   182   176   5.119e-01    3491.9858968    167.59
  827   183   177   5.119e-01    3491.9858990    167.59
  828   186   180   5.124e-01    3492.2033662    167.60
  829   185   179   5.129e-01    3492.2033684    167.60
  830   187   181   5.124e-01    3492.2033807    167.60
  831   186   179   5.165e-04    3492.2199485    167.60
  832   187   180   5.332e-04    3492.2203708    167.60
  833   401   395   5.477e-01    3569.6120267    171.31
  834   399   393   5.471e-01    3569.6120406    171.31
  835   400   394   5.471e-01    3569.6120422    171.31
  836   403   397   5.476e-01    3569.8270637    171.32
  837   402   396   5.481e-01    3569.8270654    171.32
  838   404   398   5.475e-01    3569.8270774    171.32
  839   190   184   5.633e-01    3603.0843826    172.92
  840   188   182   5.627e-01    3603.0843959    172.92
  841   189   183   5.627e-01    3603.0843981    172.92
  842   192   186   5.632e-01    3603.3018674    172.93
  843   191   185   5.636e-01    3603.3018695    172.93
  844   193   187   5.631e-01    3603.3018811    172.93
  845   407   401   6.002e-01    3679.5141214    176.59
  846   405   399   5.995e-01    3679.5141344    176.59
  847   406   400   5.996e-01    3679.5141360    176.59
  848   409   403   5.999e-01    3679.7291594    176.60
  849   408   402   6.005e-01    3679.7291609    176.60
  850   410   404   6.000e-01    3679.7291723    176.60
  851   227   190   6.172e-01    3714.0352909    178.25
  852   225   188   6.166e-01    3714.0353034    178.25
  853   226   189   6.166e-01    3714.0353054    178.25
  854   229   192   6.171e-01    3714.2527768    178.26
  855   228   191   6.176e-01    3714.2527788    178.26
  856   230   193   6.171e-01    3714.2527897    178.26
  857   413   407   6.558e-01    3789.2637569    181.86
  858   411   405   6.552e-01    3789.2637691    181.86
  859   412   406   6.551e-01    3789.2637706    181.86
  860   415   409   6.557e-01    3789.4787958    181.87
  861   414   408   6.562e-01    3789.4787973    181.87
  862   416   410   6.556e-01    3789.4788080    181.87
  863   257   227   6.744e-01    3824.8339952    183.56
  864   255   225   6.739e-01    3824.8340070    183.56
  865   256   226   6.738e-01    3824.8340089    183.56
  866   259   229   6.743e-01    3825.0514821    183.57
  867   258   228   6.749e-01    3825.0514839    183.57
  868   260   230   6.743e-01    3825.0514942    183.57
  869   281   257   7.350e-01    3935.4758833    188.87
  870   279   255   7.343e-01    3935.4758944    188.87
  871   280   256   7.343e-01    3935.4758962    188.87
  872   283   259   7.349e-01    3935.6933710    188.88
  873   282   258   7.354e-01    3935.6933728    188.88
  874   284   260   7.348e-01    3935.6933825    188.88
