# nr. of temperatures
30
# temperature: T [K]
0.1	0.1407051521075909	0.19797939829620287	0.2785672135143655	0.3919674467773565	0.5515183922003198	0.7760147926467996	1.0918927943710854	1.5363494171716603	2.1617227843354705	3.041655331843673	4.279864307642275	6.021989584066555	8.473249604164126	11.923396878859664	16.776447418366455	23.60478233180577	33.212380132514596	46.730453963151	65.75064234749982	92.51241112525517	130.16673155792645	183.1892564953743	257.75078699705375	362.6602862448875	510.2699578594392	717.9595885446752	1010.182870544833	1421.3466164728295	1999.8618696327449
# type of calorimetry
0
# heat capacity C [J/K/m^3]
# C(T_0, a_0), C(T_0, a_1), C(T_0, a_2), ... 
# C(T_1, a_0), C(T_1, a_1), C(T_1, a_2), ... 
4.4483607488981125	4.4483607488981125	4.4483607488981125	4.4483607488981125	4.4483607488981125	4.4483607488981125	4.4483607488981125	4.4483607488981125	4.4483607488981125	4.4483607488981125	4.4483607488981125	4.4483607488981125	4.4483607488981125	4.4483607488981125	4.4483607488981125	4.4483607488981125	4.4483607488981125	4.4483607488981125	4.4483607488981125	4.4483607488981125	4.4483607488981125	4.4483607488981125	4.4483607488981125	4.4483607488981125	4.4483607488981125	4.4483607488981125	4.4483607488981125	4.4483607488981125	4.4483607488981125	4.4483607488981125	4.4483607488981125	4.4483607488981125	4.4483607488981125	4.4483607488981125	4.4483607488981125	4.4483607488981125	4.4483607488981125	4.4483607488981125	4.4483607488981125	4.4483607488981125	4.4483607488981125	4.4483607488981125	4.4483607488981125	4.4483607488981125	4.4483607488981125	4.4483607488981125	4.4483607488981125	4.4483607488981125	4.4483607488981125	4.4483607488981125	4.4483607488981125	4.4483607488981125	4.4483607488981125	4.4483607488981125	4.4483607488981125	4.4483607488981125	4.4483607488981125	4.4483607488981125	4.4483607488981125	4.4483607488981125	4.4483607488981125	4.4483607488981125	4.4483607488981125	4.4483607488981125	4.4483607488981125	4.4483607488981125	4.4483607488981125	4.4483607488981125	4.4483607488981125	4.4483607488981125	4.4483607488981125	4.4483607488981125	4.4483607488981125	4.4483607488981125	4.4483607488981125	4.4483607488981125	4.4483607488981125	4.4483607488981125	4.4483607488981125	4.4483607488981125	4.4483607488981125	4.4483607488981125	4.4483607488981125	4.4483607488981125	4.4483607488981125	4.4483607488981125	4.4483607488981125	4.4483607488981125	4.4483607488981125	4.4483607488981125	4.4483607488981125	4.4483607488981125	4.4483607488981125	4.4483607488981125	4.4483607488981125	4.4483607488981125	4.4483607488981125
5.114462515963049	5.114462515963049	5.114462515963049	5.114462515963049	5.114462515963049	5.114462515963049	5.114462515963049	5.114462515963049	5.114462515963049	5.114462515963049	5.114462515963049	5.114462515963049	5.114462515963049	5.114462515963049	5.114462515963049	5.114462515963049	5.114462515963049	5.114462515963049	5.114462515963049	5.114462515963049	5.114462515963049	5.114462515963049	5.114462515963049	5.114462515963049	5.114462515963049	5.114462515963049	5.114462515963049	5.114462515963049	5.114462515963049	5.114462515963049	5.114462515963049	5.114462515963049	5.114462515963049	5.114462515963049	5.114462515963049	5.114462515963049	5.114462515963049	5.114462515963049	5.114462515963049	5.114462515963049	5.114462515963049	5.114462515963049	5.114462515963049	5.114462515963049	5.114462515963049	5.114462515963049	5.114462515963049	5.114462515963049	5.114462515963049	5.114462515963049	5.114462515963049	5.114462515963049	5.114462515963049	5.114462515963049	5.114462515963049	5.114462515963049	5.114462515963049	5.114462515963049	5.114462515963049	5.114462515963049	5.114462515963049	5.114462515963049	5.114462515963049	5.114462515963049	5.114462515963049	5.114462515963049	5.114462515963049	5.114462515963049	5.114462515963049	5.114462515963049	5.114462515963049	5.114462515963049	5.114462515963049	5.114462515963049	5.114462515963049	5.114462515963049	5.114462515963049	5.114462515963049	5.114462515963049	5.114462515963049	5.114462515963049	5.114462515963049	5.114462515963049	5.114462515963049	5.114462515963049	5.114462515963049	5.114462515963049	5.114462515963049	5.114462515963049	5.114462515963049	5.114462515963049	5.114462515963049	5.114462515963049	5.114462515963049	5.114462515963049	5.114462515963049	5.114462515963049
6.328488569256951	6.328488569256951	6.328488569256951	6.328488569256951	6.328488569256951	6.328488569256951	6.328488569256951	6.328488569256951	6.328488569256951	6.328488569256951	6.328488569256951	6.328488569256951	6.328488569256951	6.328488569256951	6.328488569256951	6.328488569256951	6.328488569256951	6.328488569256951	6.328488569256951	6.328488569256951	6.328488569256951	6.328488569256951	6.328488569256951	6.328488569256951	6.328488569256951	6.328488569256951	6.328488569256951	6.328488569256951	6.328488569256951	6.328488569256951	6.328488569256951	6.328488569256951	6.328488569256951	6.328488569256951	6.328488569256951	6.328488569256951	6.328488569256951	6.328488569256951	6.328488569256951	6.328488569256951	6.328488569256951	6.328488569256951	6.328488569256951	6.328488569256951	6.328488569256951	6.328488569256951	6.328488569256951	6.328488569256951	6.328488569256951	6.328488569256951	6.328488569256951	6.328488569256951	6.328488569256951	6.328488569256951	6.328488569256951	6.328488569256951	6.328488569256951	6.328488569256951	6.328488569256951	6.328488569256951	6.328488569256951	6.328488569256951	6.328488569256951	6.328488569256951	6.328488569256951	6.328488569256951	6.328488569256951	6.328488569256951	6.328488569256951	6.328488569256951	6.328488569256951	6.328488569256951	6.328488569256951	6.328488569256951	6.328488569256951	6.328488569256951	6.328488569256951	6.328488569256951	6.328488569256951	6.328488569256951	6.328488569256951	6.328488569256951	6.328488569256951	6.328488569256951	6.328488569256951	6.328488569256951	6.328488569256951	6.328488569256951	6.328488569256951	6.328488569256951	6.328488569256951	6.328488569256951	6.328488569256951	6.328488569256951	6.328488569256951	6.328488569256951	6.328488569256951
8.693606925094164	8.693606925094164	8.693606925094164	8.693606925094164	8.693606925094164	8.693606925094164	8.693606925094164	8.693606925094164	8.693606925094164	8.693606925094164	8.693606925094164	8.693606925094164	8.693606925094164	8.693606925094164	8.693606925094164	8.693606925094164	8.693606925094164	8.693606925094164	8.693606925094164	8.693606925094164	8.693606925094164	8.693606925094164	8.693606925094164	8.693606925094164	8.693606925094164	8.693606925094164	8.693606925094164	8.693606925094164	8.693606925094164	8.693606925094164	8.693606925094164	8.693606925094164	8.693606925094164	8.693606925094164	8.693606925094164	8.693606925094164	8.693606925094164	8.693606925094164	8.693606925094164	8.693606925094164	8.693606925094164	8.693606925094164	8.693606925094164	8.693606925094164	8.693606925094164	8.693606925094164	8.693606925094164	8.693606925094164	8.693606925094164	8.693606925094164	8.693606925094164	8.693606925094164	8.693606925094164	8.693606925094164	8.693606925094164	8.693606925094164	8.693606925094164	8.693606925094164	8.693606925094164	8.693606925094164	8.693606925094164	8.693606925094164	8.693606925094164	8.693606925094164	8.693606925094164	8.693606925094164	8.693606925094164	8.693606925094164	8.693606925094164	8.693606925094164	8.693606925094164	8.693606925094164	8.693606925094164	8.693606925094164	8.693606925094164	8.693606925094164	8.693606925094164	8.693606925094164	8.693606925094164	8.693606925094164	8.693606925094164	8.693606925094164	8.693606925094164	8.693606925094164	8.693606925094164	8.693606925094164	8.693606925094164	8.693606925094164	8.693606925094164	8.693606925094164	8.693606925094164	8.693606925094164	8.693606925094164	8.693606925094164	8.693606925094164	8.693606925094164	8.693606925094164
13.344429143666263	13.344429143666263	13.344429143666263	13.344429143666263	13.344429143666263	13.344429143666263	13.344429143666263	13.344429143666263	13.344429143666263	13.344429143666263	13.344429143666263	13.344429143666263	13.344429143666263	13.344429143666263	13.344429143666263	13.344429143666263	13.344429143666263	13.344429143666263	13.344429143666263	13.344429143666263	13.344429143666263	13.344429143666263	13.344429143666263	13.344429143666263	13.344429143666263	13.344429143666263	13.344429143666263	13.344429143666263	13.344429143666263	13.344429143666263	13.344429143666263	13.344429143666263	13.344429143666263	13.344429143666263	13.344429143666263	13.344429143666263	13.344429143666263	13.344429143666263	13.344429143666263	13.344429143666263	13.344429143666263	13.344429143666263	13.344429143666263	13.344429143666263	13.344429143666263	13.344429143666263	13.344429143666263	13.344429143666263	13.344429143666263	13.344429143666263	13.344429143666263	13.344429143666263	13.344429143666263	13.344429143666263	13.344429143666263	13.344429143666263	13.344429143666263	13.344429143666263	13.344429143666263	13.344429143666263	13.344429143666263	13.344429143666263	13.344429143666263	13.344429143666263	13.344429143666263	13.344429143666263	13.344429143666263	13.344429143666263	13.344429143666263	13.344429143666263	13.344429143666263	13.344429143666263	13.344429143666263	13.344429143666263	13.344429143666263	13.344429143666263	13.344429143666263	13.344429143666263	13.344429143666263	13.344429143666263	13.344429143666263	13.344429143666263	13.344429143666263	13.344429143666263	13.344429143666263	13.344429143666263	13.344429143666263	13.344429143666263	13.344429143666263	13.344429143666263	13.344429143666263	13.344429143666263	13.344429143666263	13.344429143666263	13.344429143666263	13.344429143666263	13.344429143666263
22.583955011455515	22.583955011455515	22.583955011455515	22.583955011455515	22.583955011455515	22.583955011455515	22.583955011455515	22.583955011455515	22.583955011455515	22.583955011455515	22.583955011455515	22.583955011455515	22.583955011455515	22.583955011455515	22.583955011455515	22.583955011455515	22.583955011455515	22.583955011455515	22.583955011455515	22.583955011455515	22.583955011455515	22.583955011455515	22.583955011455515	22.583955011455515	22.583955011455515	22.583955011455515	22.583955011455515	22.583955011455515	22.583955011455515	22.583955011455515	22.583955011455515	22.583955011455515	22.583955011455515	22.583955011455515	22.583955011455515	22.583955011455515	22.583955011455515	22.583955011455515	22.583955011455515	22.583955011455515	22.583955011455515	22.583955011455515	22.583955011455515	22.583955011455515	22.583955011455515	22.583955011455515	22.583955011455515	22.583955011455515	22.583955011455515	22.583955011455515	22.583955011455515	22.583955011455515	22.583955011455515	22.583955011455515	22.583955011455515	22.583955011455515	22.583955011455515	22.583955011455515	22.583955011455515	22.583955011455515	22.583955011455515	22.583955011455515	22.583955011455515	22.583955011455515	22.583955011455515	22.583955011455515	22.583955011455515	22.583955011455515	22.583955011455515	22.583955011455515	22.583955011455515	22.583955011455515	22.583955011455515	22.583955011455515	22.583955011455515	22.583955011455515	22.583955011455515	22.583955011455515	22.583955011455515	22.583955011455515	22.583955011455515	22.583955011455515	22.583955011455515	22.583955011455515	22.583955011455515	22.583955011455515	22.583955011455515	22.583955011455515	22.583955011455515	22.583955011455515	22.583955011455515	22.583955011455515	22.583955011455515	22.583955011455515	22.583955011455515	22.583955011455515	22.583955011455515
41.105506128117504	41.105506128117504	41.105506128117504	41.105506128117504	41.105506128117504	41.105506128117504	41.105506128117504	41.105506128117504	41.105506128117504	41.105506128117504	41.105506128117504	41.105506128117504	41.105506128117504	41.105506128117504	41.105506128117504	41.105506128117504	41.105506128117504	41.105506128117504	41.105506128117504	41.105506128117504	41.105506128117504	41.105506128117504	41.105506128117504	41.105506128117504	41.105506128117504	41.105506128117504	41.105506128117504	41.105506128117504	41.105506128117504	41.105506128117504	41.105506128117504	41.105506128117504	41.105506128117504	41.105506128117504	41.105506128117504	41.105506128117504	41.105506128117504	41.105506128117504	41.105506128117504	41.105506128117504	41.105506128117504	41.105506128117504	41.105506128117504	41.105506128117504	41.105506128117504	41.105506128117504	41.105506128117504	41.105506128117504	41.105506128117504	41.105506128117504	41.105506128117504	41.105506128117504	41.105506128117504	41.105506128117504	41.105506128117504	41.105506128117504	41.105506128117504	41.105506128117504	41.105506128117504	41.105506128117504	41.105506128117504	41.105506128117504	41.105506128117504	41.105506128117504	41.105506128117504	41.105506128117504	41.105506128117504	41.105506128117504	41.105506128117504	41.105506128117504	41.105506128117504	41.105506128117504	41.105506128117504	41.105506128117504	41.105506128117504	41.105506128117504	41.105506128117504	41.105506128117504	41.105506128117504	41.105506128117504	41.105506128117504	41.105506128117504	41.105506128117504	41.105506128117504	41.105506128117504	41.105506128117504	41.105506128117504	41.105506128117504	41.105506128117504	41.105506128117504	41.105506128117504	41.105506128117504	41.105506128117504	41.105506128117504	41.105506128117504	41.105506128117504	41.105506128117504
78.68645865673949	78.68645865673949	78.68645865673949	78.68645865673949	78.68645865673949	78.68645865673949	78.68645865673949	78.68645865673949	78.68645865673949	78.68645865673949	78.68645865673949	78.68645865673949	78.68645865673949	78.68645865673949	78.68645865673949	78.68645865673949	78.68645865673949	78.68645865673949	78.68645865673949	78.68645865673949	78.68645865673949	78.68645865673949	78.68645865673949	78.68645865673949	78.68645865673949	78.68645865673949	78.68645865673949	78.68645865673949	78.68645865673949	78.68645865673949	78.68645865673949	78.68645865673949	78.68645865673949	78.68645865673949	78.68645865673949	78.68645865673949	78.68645865673949	78.68645865673949	78.68645865673949	78.68645865673949	78.68645865673949	78.68645865673949	78.68645865673949	78.68645865673949	78.68645865673949	78.68645865673949	78.68645865673949	78.68645865673949	78.68645865673949	78.68645865673949	78.68645865673949	78.68645865673949	78.68645865673949	78.68645865673949	78.68645865673949	78.68645865673949	78.68645865673949	78.68645865673949	78.68645865673949	78.68645865673949	78.68645865673949	78.68645865673949	78.68645865673949	78.68645865673949	78.68645865673949	78.68645865673949	78.68645865673949	78.68645865673949	78.68645865673949	78.68645865673949	78.68645865673949	78.68645865673949	78.68645865673949	78.68645865673949	78.68645865673949	78.68645865673949	78.68645865673949	78.68645865673949	78.68645865673949	78.68645865673949	78.68645865673949	78.68645865673949	78.68645865673949	78.68645865673949	78.68645865673949	78.68645865673949	78.68645865673949	78.68645865673949	78.68645865673949	78.68645865673949	78.68645865673949	78.68645865673949	78.68645865673949	78.68645865673949	78.68645865673949	78.68645865673949	78.68645865673949
155.91934439322472	155.91934439322472	155.91934439322472	155.91934439322472	155.91934439322472	155.91934439322472	155.91934439322472	155.91934439322472	155.91934439322472	155.91934439322472	155.91934439322472	155.91934439322472	155.91934439322472	155.91934439322472	155.91934439322472	155.91934439322472	155.91934439322472	155.91934439322472	155.91934439322472	155.91934439322472	155.91934439322472	155.91934439322472	155.91934439322472	155.91934439322472	155.91934439322472	155.91934439322472	155.91934439322472	155.91934439322472	155.91934439322472	155.91934439322472	155.91934439322472	155.91934439322472	155.91934439322472	155.91934439322472	155.91934439322472	155.91934439322472	155.91934439322472	155.91934439322472	155.91934439322472	155.91934439322472	155.91934439322472	155.91934439322472	155.91934439322472	155.91934439322472	155.91934439322472	155.91934439322472	155.91934439322472	155.91934439322472	155.91934439322472	155.91934439322472	155.91934439322472	155.91934439322472	155.91934439322472	155.91934439322472	155.91934439322472	155.91934439322472	155.91934439322472	155.91934439322472	155.91934439322472	155.91934439322472	155.91934439322472	155.91934439322472	155.91934439322472	155.91934439322472	155.91934439322472	155.91934439322472	155.91934439322472	155.91934439322472	155.91934439322472	155.91934439322472	155.91934439322472	155.91934439322472	155.91934439322472	155.91934439322472	155.91934439322472	155.91934439322472	155.91934439322472	155.91934439322472	155.91934439322472	155.91934439322472	155.91934439322472	155.91934439322472	155.91934439322472	155.91934439322472	155.91934439322472	155.91934439322472	155.91934439322472	155.91934439322472	155.91934439322472	155.91934439322472	155.91934439322472	155.91934439322472	155.91934439322472	155.91934439322472	155.91934439322472	155.91934439322472	155.91934439322472
319.7422303204927	319.7422303204927	319.7422303204927	319.7422303204927	319.7422303204927	319.7422303204927	319.7422303204927	319.7422303204927	319.7422303204927	319.7422303204927	319.7422303204927	319.7422303204927	319.7422303204927	319.7422303204927	319.7422303204927	319.7422303204927	319.7422303204927	319.7422303204927	319.7422303204927	319.7422303204927	319.7422303204927	319.7422303204927	319.7422303204927	319.7422303204927	319.7422303204927	319.7422303204927	319.7422303204927	319.7422303204927	319.7422303204927	319.7422303204927	319.7422303204927	319.7422303204927	319.7422303204927	319.7422303204927	319.7422303204927	319.7422303204927	319.7422303204927	319.7422303204927	319.7422303204927	319.7422303204927	319.7422303204927	319.7422303204927	319.7422303204927	319.7422303204927	319.7422303204927	319.7422303204927	319.7422303204927	319.7422303204927	319.7422303204927	319.7422303204927	319.7422303204927	319.7422303204927	319.7422303204927	319.7422303204927	319.7422303204927	319.7422303204927	319.7422303204927	319.7422303204927	319.7422303204927	319.7422303204927	319.7422303204927	319.7422303204927	319.7422303204927	319.7422303204927	319.7422303204927	319.7422303204927	319.7422303204927	319.7422303204927	319.7422303204927	319.7422303204927	319.7422303204927	319.7422303204927	319.7422303204927	319.7422303204927	319.7422303204927	319.7422303204927	319.7422303204927	319.7422303204927	319.7422303204927	319.7422303204927	319.7422303204927	319.7422303204927	319.7422303204927	319.7422303204927	319.7422303204927	319.7422303204927	319.7422303204927	319.7422303204927	319.7422303204927	319.7422303204927	319.7422303204927	319.7422303204927	319.7422303204927	319.7422303204927	319.7422303204927	319.7422303204927	319.7422303204927
847.6176666354921	847.6176666354921	847.6176666354921	847.6176666354921	847.6176666354921	847.6176666354921	847.6176666354921	847.6176666354921	847.6176666354921	847.6176666354921	847.6176666354921	847.6176666354921	847.6176666354921	847.6176666354921	847.6176666354921	847.6176666354921	847.6176666354921	847.6176666354921	847.6176666354921	847.6176666354921	847.6176666354921	847.6176666354921	847.6176666354921	847.6176666354921	847.6176666354921	847.6176666354921	847.6176666354921	847.6176666354921	847.6176666354921	847.6176666354921	847.6176666354921	847.6176666354921	847.6176666354921	847.6176666354921	847.6176666354921	847.6176666354921	847.6176666354921	847.6176666354921	847.6176666354921	847.6176666354921	847.6176666354921	847.6176666354921	847.6176666354921	847.6176666354921	847.6176666354921	847.6176666354921	847.6176666354921	847.6176666354921	847.6176666354921	847.6176666354921	847.6176666354921	847.6176666354921	847.6176666354921	847.6176666354921	847.6176666354921	847.6176666354921	847.6176666354921	847.6176666354921	847.6176666354921	847.6176666354921	847.6176666354921	847.6176666354921	847.6176666354921	847.6176666354921	847.6176666354921	847.6176666354921	847.6176666354921	847.6176666354921	847.6176666354921	847.6176666354921	847.6176666354921	847.6176666354921	847.6176666354921	847.6176666354921	847.6176666354921	847.6176666354921	847.6176666354921	847.6176666354921	847.6176666354921	847.6176666354921	847.6176666354921	847.6176666354921	847.6176666354921	847.6176666354921	847.6176666354921	847.6176666354921	847.6176666354921	847.6176666354921	847.6176666354921	847.6176666354921	847.6176666354921	847.6176666354921	847.6176666354921	847.6176666354921	847.6176666354921	847.6176666354921	847.6176666354921
2793.830151362531	2793.830151362531	2793.830151362531	2793.830151362531	2793.830151362531	2793.830151362531	2793.830151362531	2793.830151362531	2793.830151362531	2793.830151362531	2793.830151362531	2793.830151362531	2793.830151362531	2793.830151362531	2793.830151362531	2793.830151362531	2793.830151362531	2793.830151362531	2793.830151362531	2793.830151362531	2793.830151362531	2793.830151362531	2793.830151362531	2793.830151362531	2793.830151362531	2793.830151362531	2793.830151362531	2793.830151362531	2793.830151362531	2793.830151362531	2793.830151362531	2793.830151362531	2793.830151362531	2793.830151362531	2793.830151362531	2793.830151362531	2793.830151362531	2793.830151362531	2793.830151362531	2793.830151362531	2793.830151362531	2793.830151362531	2793.830151362531	2793.830151362531	2793.830151362531	2793.830151362531	2793.830151362531	2793.830151362531	2793.830151362531	2793.830151362531	2793.830151362531	2793.830151362531	2793.830151362531	2793.830151362531	2793.830151362531	2793.830151362531	2793.830151362531	2793.830151362531	2793.830151362531	2793.830151362531	2793.830151362531	2793.830151362531	2793.830151362531	2793.830151362531	2793.830151362531	2793.830151362531	2793.830151362531	2793.830151362531	2793.830151362531	2793.830151362531	2793.830151362531	2793.830151362531	2793.830151362531	2793.830151362531	2793.830151362531	2793.830151362531	2793.830151362531	2793.830151362531	2793.830151362531	2793.830151362531	2793.830151362531	2793.830151362531	2793.830151362531	2793.830151362531	2793.830151362531	2793.830151362531	2793.830151362531	2793.830151362531	2793.830151362531	2793.830151362531	2793.830151362531	2793.830151362531	2793.830151362531	2793.830151362531	2793.830151362531	2793.830151362531	2793.830151362531
6235.912317626268	6235.912317626268	6235.912317626268	6235.912317626268	6235.912317626268	6235.912317626268	6235.912317626268	6235.912317626268	6235.912317626268	6235.912317626268	6235.912317626268	6235.912317626268	6235.912317626268	6235.912317626268	6235.912317626268	6235.912317626268	6235.912317626268	6235.912317626268	6235.912317626268	6235.912317626268	6235.912317626268	6235.912317626268	6235.912317626268	6235.912317626268	6235.912317626268	6235.912317626268	6235.912317626268	6235.912317626268	6235.912317626268	6235.912317626268	6235.912317626268	6235.912317626268	6235.912317626268	6235.912317626268	6235.912317626268	6235.912317626268	6235.912317626268	6235.912317626268	6235.912317626268	6235.912317626268	6235.912317626268	6235.912317626268	6235.912317626268	6235.912317626268	6235.912317626268	6235.912317626268	6235.912317626268	6235.912317626268	6235.912317626268	6235.912317626268	6235.912317626268	6235.912317626268	6235.912317626268	6235.912317626268	6235.912317626268	6235.912317626268	6235.912317626268	6235.912317626268	6235.912317626268	6235.912317626268	6235.912317626268	6235.912317626268	6235.912317626268	6235.912317626268	6235.912317626268	6235.912317626268	6235.912317626268	6235.912317626268	6235.912317626268	6235.912317626268	6235.912317626268	6235.912317626268	6235.912317626268	6235.912317626268	6235.912317626268	6235.912317626268	6235.912317626268	6235.912317626268	6235.912317626268	6235.912317626268	6235.912317626268	6235.912317626268	6235.912317626268	6235.912317626268	6235.912317626268	6235.912317626268	6235.912317626268	6235.912317626268	6235.912317626268	6235.912317626268	6235.912317626268	6235.912317626268	6235.912317626268	6235.912317626268	6235.912317626268	6235.912317626268	6235.912317626268
19222.063163300983	19222.063163300983	19222.063163300983	19222.063163300983	19222.063163300983	19222.063163300983	19222.063163300983	19222.063163300983	19222.063163300983	19222.063163300983	19222.063163300983	19222.063163300983	19222.063163300983	19222.063163300983	19222.063163300983	19222.063163300983	19222.063163300983	19222.063163300983	19222.063163300983	19222.063163300983	19222.063163300983	19222.063163300983	19222.063163300983	19222.063163300983	19222.063163300983	19222.063163300983	19222.063163300983	19222.063163300983	19222.063163300983	19222.063163300983	19222.063163300983	19222.063163300983	19222.063163300983	19222.063163300983	19222.063163300983	19222.063163300983	19222.063163300983	19222.063163300983	19222.063163300983	19222.063163300983	19222.063163300983	19222.063163300983	19222.063163300983	19222.063163300983	19222.063163300983	19222.063163300983	19222.063163300983	19222.063163300983	19222.063163300983	19222.063163300983	19222.063163300983	19222.063163300983	19222.063163300983	19222.063163300983	19222.063163300983	19222.063163300983	19222.063163300983	19222.063163300983	19222.063163300983	19222.063163300983	19222.063163300983	19222.063163300983	19222.063163300983	19222.063163300983	19222.063163300983	19222.063163300983	19222.063163300983	19222.063163300983	19222.063163300983	19222.063163300983	19222.063163300983	19222.063163300983	19222.063163300983	19222.063163300983	19222.063163300983	19222.063163300983	19222.063163300983	19222.063163300983	19222.063163300983	19222.063163300983	19222.063163300983	19222.063163300983	19222.063163300983	19222.063163300983	19222.063163300983	19222.063163300983	19222.063163300983	19222.063163300983	19222.063163300983	19222.063163300983	19222.063163300983	19222.063163300983	19222.063163300983	19222.063163300983	19222.063163300983	19222.063163300983	19222.063163300983
55068.08828468291	55068.08828468291	55068.08828468291	55068.08828468291	55068.08828468291	55068.08828468291	55068.08828468291	55068.08828468291	55068.08828468291	55068.08828468291	55068.08828468291	55068.08828468291	55068.08828468291	55068.08828468291	55068.08828468291	55068.08828468291	55068.08828468291	55068.08828468291	55068.08828468291	55068.08828468291	55068.08828468291	55068.08828468291	55068.08828468291	55068.08828468291	55068.08828468291	55068.08828468291	55068.08828468291	55068.08828468291	55068.08828468291	55068.08828468291	55068.08828468291	55068.08828468291	55068.08828468291	55068.08828468291	55068.08828468291	55068.08828468291	55068.08828468291	55068.08828468291	55068.08828468291	55068.08828468291	55068.08828468291	55068.08828468291	55068.08828468291	55068.08828468291	55068.08828468291	55068.08828468291	55068.08828468291	55068.08828468291	55068.08828468291	55068.08828468291	55068.08828468291	55068.08828468291	55068.08828468291	55068.08828468291	55068.08828468291	55068.08828468291	55068.08828468291	55068.08828468291	55068.08828468291	55068.08828468291	55068.08828468291	55068.08828468291	55068.08828468291	55068.08828468291	55068.08828468291	55068.08828468291	55068.08828468291	55068.08828468291	55068.08828468291	55068.08828468291	55068.08828468291	55068.08828468291	55068.08828468291	55068.08828468291	55068.08828468291	55068.08828468291	55068.08828468291	55068.08828468291	55068.08828468291	55068.08828468291	55068.08828468291	55068.08828468291	55068.08828468291	55068.08828468291	55068.08828468291	55068.08828468291	55068.08828468291	55068.08828468291	55068.08828468291	55068.08828468291	55068.08828468291	55068.08828468291	55068.08828468291	55068.08828468291	55068.08828468291	55068.08828468291	55068.08828468291
141188.71968036584	141188.71968036584	141188.71968036584	141188.71968036584	141188.71968036584	141188.71968036584	141188.71968036584	141188.71968036584	141188.71968036584	141188.71968036584	141188.71968036584	141188.71968036584	141188.71968036584	141188.71968036584	141188.71968036584	141188.71968036584	141188.71968036584	141188.71968036584	141188.71968036584	141188.71968036584	141188.71968036584	141188.71968036584	141188.71968036584	141188.71968036584	141188.71968036584	141188.71968036584	141188.71968036584	141188.71968036584	141188.71968036584	141188.71968036584	141188.71968036584	141188.71968036584	141188.71968036584	141188.71968036584	141188.71968036584	141188.71968036584	141188.71968036584	141188.71968036584	141188.71968036584	141188.71968036584	141188.71968036584	141188.71968036584	141188.71968036584	141188.71968036584	141188.71968036584	141188.71968036584	141188.71968036584	141188.71968036584	141188.71968036584	141188.71968036584	141188.71968036584	141188.71968036584	141188.71968036584	141188.71968036584	141188.71968036584	141188.71968036584	141188.71968036584	141188.71968036584	141188.71968036584	141188.71968036584	141188.71968036584	141188.71968036584	141188.71968036584	141188.71968036584	141188.71968036584	141188.71968036584	141188.71968036584	141188.71968036584	141188.71968036584	141188.71968036584	141188.71968036584	141188.71968036584	141188.71968036584	141188.71968036584	141188.71968036584	141188.71968036584	141188.71968036584	141188.71968036584	141188.71968036584	141188.71968036584	141188.71968036584	141188.71968036584	141188.71968036584	141188.71968036584	141188.71968036584	141188.71968036584	141188.71968036584	141188.71968036584	141188.71968036584	141188.71968036584	141188.71968036584	141188.71968036584	141188.71968036584	141188.71968036584	141188.71968036584	141188.71968036584	141188.71968036584
302900.5068166217	302900.5068166217	302970.2602661417	302970.2602661417	302970.2602661417	302970.2602661417	302970.2602661417	302970.2602661417	302970.2602661417	302970.2602661417	302970.2602661417	302970.2602661417	302970.2602661417	302970.2602661417	302970.2602661417	302970.2602661417	302970.2602661417	302970.2602661417	302970.2602661417	302970.2602661417	302970.2602661417	302970.2602661417	302970.2602661417	302970.2602661417	302970.2602661417	302970.2602661417	302970.2602661417	302970.2602661417	302970.2602661417	302970.2602661417	302970.2602661417	302970.2602661417	302970.2602661417	302970.2602661417	302970.2602661417	302970.2602661417	302970.2602661417	302970.2602661417	302970.2602661417	302970.2602661417	302970.2602661417	302970.2602661417	302970.2602661417	302970.2602661417	302970.2602661417	302970.2602661417	302970.2602661417	302970.2602661417	302970.2602661417	302970.2602661417	302970.2602661417	302970.2602661417	302970.2602661417	302970.2602661417	302970.2602661417	302970.2602661417	302970.2602661417	302970.2602661417	302970.2602661417	302970.2602661417	302970.2602661417	302970.2602661417	302970.2602661417	302970.2602661417	302970.2602661417	302970.2602661417	302970.2602661417	302970.2602661417	302970.2602661417	302970.2602661417	302970.2602661417	302970.2602661417	302970.2602661417	302970.2602661417	302970.2602661417	302970.2602661417	302970.2602661417	302970.2602661417	302970.2602661417	302970.2602661417	302970.2602661417	302970.2602661417	302970.2602661417	302970.2602661417	302970.2602661417	302970.2602661417	302970.2602661417	302970.2602661417	302970.2602661417	302970.2602661417	302970.2602661417	302970.2602661417	302970.2602661417	302970.2602661417	302970.2602661417	302970.2602661417	302970.2602661417
517845.25360002375	517845.25360002375	517845.25360002375	517845.25360002375	517845.25360002375	517845.25360002375	517845.25360002375	517845.25360002375	517845.25360002375	517845.25360002375	517845.25360002375	517845.25360002375	517845.25360002375	517845.25360002375	517845.25360002375	517845.25360002375	517845.25360002375	517845.25360002375	517845.25360002375	517845.25360002375	517845.25360002375	517845.25360002375	517845.25360002375	517845.25360002375	517845.25360002375	517845.25360002375	517845.25360002375	517845.25360002375	517845.25360002375	517845.25360002375	517845.25360002375	517845.25360002375	517845.25360002375	517845.25360002375	517845.25360002375	517845.25360002375	517845.25360002375	517845.25360002375	517845.25360002375	517845.25360002375	517845.25360002375	517845.25360002375	517845.25360002375	517845.25360002375	517845.25360002375	517845.25360002375	517845.25360002375	517845.25360002375	517845.25360002375	517845.25360002375	517845.25360002375	517845.25360002375	517845.25360002375	517845.25360002375	517845.25360002375	517845.25360002375	517845.25360002375	517845.25360002375	517845.25360002375	517845.25360002375	517845.25360002375	517845.25360002375	517845.25360002375	517845.25360002375	517845.25360002375	517845.25360002375	517845.25360002375	517845.25360002375	517845.25360002375	517845.25360002375	517845.25360002375	517845.25360002375	517845.25360002375	517845.25360002375	517845.25360002375	517845.25360002375	517845.25360002375	517845.25360002375	517845.25360002375	517845.25360002375	517845.25360002375	517845.25360002375	517845.25360002375	517845.25360002375	517845.25360002375	517845.25360002375	517845.25360002375	517845.25360002375	517845.25360002375	517845.25360002375	517845.25360002375	517845.25360002375	517845.25360002375	517845.25360002375	517845.25360002375	517845.25360002375	517845.25360002375
805934.9691127453	805934.9691127453	805934.9691127453	805934.9691127453	805934.9691127453	805934.9691127453	805934.9691127453	805934.9691127453	805934.9691127453	805934.9691127453	805934.9691127453	805934.9691127453	805934.9691127453	805934.9691127453	805934.9691127453	805934.9691127453	805934.9691127453	805934.9691127453	805934.9691127453	805934.9691127453	805934.9691127453	805934.9691127453	805934.9691127453	805934.9691127453	805934.9691127453	805934.9691127453	805934.9691127453	805934.9691127453	805934.9691127453	805934.9691127453	805934.9691127453	805934.9691127453	805934.9691127453	805934.9691127453	805934.9691127453	805934.9691127453	805934.9691127453	805934.9691127453	805934.9691127453	805934.9691127453	805934.9691127453	805934.9691127453	805934.9691127453	805934.9691127453	805934.9691127453	805934.9691127453	805934.9691127453	805934.9691127453	805934.9691127453	805934.9691127453	805934.9691127453	805934.9691127453	805934.9691127453	805934.9691127453	805934.9691127453	805934.9691127453	805934.9691127453	805934.9691127453	805934.9691127453	805934.9691127453	805934.9691127453	805934.9691127453	805934.9691127453	805934.9691127453	805934.9691127453	805934.9691127453	805934.9691127453	805934.9691127453	805934.9691127453	805934.9691127453	805934.9691127453	805934.9691127453	805934.9691127453	805934.9691127453	805934.9691127453	805934.9691127453	805934.9691127453	805934.9691127453	805934.9691127453	805934.9691127453	805934.9691127453	805934.9691127453	805934.9691127453	805934.9691127453	805934.9691127453	805934.9691127453	805934.9691127453	805934.9691127453	805934.9691127453	805934.9691127453	805934.9691127453	805934.9691127453	805934.9691127453	805934.9691127453	805934.9691127453	805934.9691127453	805934.9691127453
1180592.44581389	1180592.44581389	1180592.44581389	1180592.44581389	1180592.44581389	1180592.44581389	1180592.44581389	1180592.44581389	1180592.44581389	1180592.44581389	1180592.44581389	1180592.44581389	1180592.44581389	1180592.44581389	1180592.44581389	1180592.44581389	1180592.44581389	1180592.44581389	1180592.44581389	1180592.44581389	1180592.44581389	1180592.44581389	1180592.44581389	1180592.44581389	1180592.44581389	1180592.44581389	1180592.44581389	1180592.44581389	1180592.44581389	1180592.44581389	1180592.44581389	1180592.44581389	1180592.44581389	1180592.44581389	1180592.44581389	1180592.44581389	1180592.44581389	1180592.44581389	1180592.44581389	1180592.44581389	1180592.44581389	1180592.44581389	1180592.44581389	1180592.44581389	1180592.44581389	1180592.44581389	1180592.44581389	1180592.44581389	1180592.44581389	1180592.44581389	1180592.44581389	1180592.44581389	1180592.44581389	1180592.44581389	1180592.44581389	1180592.44581389	1180592.44581389	1180592.44581389	1180592.44581389	1180592.44581389	1180592.44581389	1180592.44581389	1180592.44581389	1180592.44581389	1180592.44581389	1180592.44581389	1180592.44581389	1180592.44581389	1180592.44581389	1180592.44581389	1180592.44581389	1180592.44581389	1180592.44581389	1180592.44581389	1180592.44581389	1180592.44581389	1180592.44581389	1180592.44581389	1180592.44581389	1180592.44581389	1180592.44581389	1180592.44581389	1180592.44581389	1180592.44581389	1180592.44581389	1180592.44581389	1180592.44581389	1180592.44581389	1180592.44581389	1180592.44581389	1180592.44581389	1180592.44581389	1180592.44581389	1180592.44581389	1180592.44581389	1180592.44581389	1180592.44581389
1690051.7380435737	1690051.7380435737	1690051.7380435737	1690051.7380435737	1690051.7380435737	1690051.7380435737	1690051.7380435737	1690051.7380435737	1690051.7380435737	1690051.7380435737	1690051.7380435737	1690051.7380435737	1690051.7380435737	1690051.7380435737	1690051.7380435737	1690051.7380435737	1690051.7380435737	1690051.7380435737	1690051.7380435737	1690051.7380435737	1690051.7380435737	1690051.7380435737	1690051.7380435737	1690051.7380435737	1690051.7380435737	1690051.7380435737	1690051.7380435737	1690051.7380435737	1690051.7380435737	1690051.7380435737	1690051.7380435737	1690051.7380435737	1690051.7380435737	1690051.7380435737	1690051.7380435737	1690051.7380435737	1690051.7380435737	1690051.7380435737	1690051.7380435737	1690051.7380435737	1690051.7380435737	1690051.7380435737	1690051.7380435737	1690051.7380435737	1690051.7380435737	1690051.7380435737	1690051.7380435737	1690051.7380435737	1690051.7380435737	1690051.7380435737	1690051.7380435737	1690051.7380435737	1690051.7380435737	1690051.7380435737	1690051.7380435737	1690051.7380435737	1690051.7380435737	1690051.7380435737	1690051.7380435737	1690051.7380435737	1690051.7380435737	1690051.7380435737	1690051.7380435737	1690051.7380435737	1690051.7380435737	1690051.7380435737	1690051.7380435737	1690051.7380435737	1690051.7380435737	1690051.7380435737	1690051.7380435737	1690051.7380435737	1690051.7380435737	1690051.7380435737	1690051.7380435737	1690051.7380435737	1690051.7380435737	1690051.7380435737	1690051.7380435737	1690051.7380435737	1690051.7380435737	1690051.7380435737	1690051.7380435737	1690051.7380435737	1690051.7380435737	1690051.7380435737	1690051.7380435737	1690051.7380435737	1690051.7380435737	1690051.7380435737	1690051.7380435737	1690051.7380435737	1690051.7380435737	1690051.7380435737	1690051.7380435737	1690051.7380435737	1690051.7380435737
2284546.4885518244	2284546.4885518244	2284546.4885518244	2284546.4885518244	2284546.4885518244	2284546.4885518244	2284546.4885518244	2284546.4885518244	2284546.4885518244	2284546.4885518244	2284546.4885518244	2284546.4885518244	2284546.4885518244	2284546.4885518244	2284546.4885518244	2284546.4885518244	2284546.4885518244	2284546.4885518244	2284546.4885518244	2284546.4885518244	2284546.4885518244	2284546.4885518244	2284546.4885518244	2284546.4885518244	2284546.4885518244	2284546.4885518244	2284546.4885518244	2284546.4885518244	2284546.4885518244	2284546.4885518244	2284546.4885518244	2284546.4885518244	2284546.4885518244	2284546.4885518244	2284546.4885518244	2284546.4885518244	2284546.4885518244	2284546.4885518244	2284546.4885518244	2284546.4885518244	2284546.4885518244	2284546.4885518244	2284546.4885518244	2284546.4885518244	2284546.4885518244	2284546.4885518244	2284546.4885518244	2284546.4885518244	2284546.4885518244	2284546.4885518244	2284546.4885518244	2284546.4885518244	2284546.4885518244	2284546.4885518244	2284546.4885518244	2284546.4885518244	2284546.4885518244	2284546.4885518244	2284546.4885518244	2284546.4885518244	2284546.4885518244	2284546.4885518244	2284546.4885518244	2284546.4885518244	2284546.4885518244	2284546.4885518244	2284546.4885518244	2284546.4885518244	2284546.4885518244	2284546.4885518244	2284546.4885518244	2284546.4885518244	2284546.4885518244	2284546.4885518244	2284546.4885518244	2284546.4885518244	2284546.4885518244	2284546.4885518244	2284546.4885518244	2284546.4885518244	2284546.4885518244	2284546.4885518244	2284546.4885518244	2284546.4885518244	2284546.4885518244	2284546.4885518244	2284546.4885518244	2284546.4885518244	2284546.4885518244	2284546.4885518244	2284546.4885518244	2284546.4885518244	2284546.4885518244	2284546.4885518244	2284546.4885518244	2284546.4885518244	2284546.4885518244
3062668.558003772	3062668.558003772	3062668.558003772	3062668.558003772	3062668.558003772	3062668.558003772	3062668.558003772	3062668.558003772	3062668.558003772	3062668.558003772	3062668.558003772	3062668.558003772	3062668.558003772	3062668.558003772	3062668.558003772	3062668.558003772	3062668.558003772	3062668.558003772	3062668.558003772	3062668.558003772	3062668.558003772	3062668.558003772	3062668.558003772	3062668.558003772	3062668.558003772	3062668.558003772	3062668.558003772	3062668.558003772	3062668.558003772	3062668.558003772	3062668.558003772	3062668.558003772	3062668.558003772	3062668.558003772	3062668.558003772	3062668.558003772	3062668.558003772	3062668.558003772	3062668.558003772	3062668.558003772	3062668.558003772	3062668.558003772	3062668.558003772	3062668.558003772	3062668.558003772	3062668.558003772	3062668.558003772	3062668.558003772	3062668.558003772	3062668.558003772	3062668.558003772	3062668.558003772	3062668.558003772	3062668.558003772	3062668.558003772	3062668.558003772	3062668.558003772	3062668.558003772	3062668.558003772	3062668.558003772	3062668.558003772	3062668.558003772	3062668.558003772	3062668.558003772	3062668.558003772	3062668.558003772	3062668.558003772	3062668.558003772	3062668.558003772	3062668.558003772	3062668.558003772	3062668.558003772	3062668.558003772	3062668.558003772	3062668.558003772	3062668.558003772	3062668.558003772	3062668.558003772	3062668.558003772	3062668.558003772	3062668.558003772	3062668.558003772	3062668.558003772	3062668.558003772	3062668.558003772	3062668.558003772	3062668.558003772	3062668.558003772	3062668.558003772	3062668.558003772	3062668.558003772	3062668.558003772	3062668.558003772	3062668.558003772	3062668.558003772	3062668.558003772	3062668.558003772
4213082.854040084	4213082.854040084	4214053.063912861	4214053.063912861	4214053.063912861	4214053.063912861	4214053.063912861	4214053.063912861	4214053.063912861	4214053.063912861	4214053.063912861	4214053.063912861	4214053.063912861	4214053.063912861	4214053.063912861	4214053.063912861	4214053.063912861	4214053.063912861	4214053.063912861	4214053.063912861	4214053.063912861	4214053.063912861	4214053.063912861	4214053.063912861	4214053.063912861	4214053.063912861	4214053.063912861	4214053.063912861	4214053.063912861	4214053.063912861	4214053.063912861	4214053.063912861	4214053.063912861	4214053.063912861	4214053.063912861	4214053.063912861	4214053.063912861	4214053.063912861	4214053.063912861	4214053.063912861	4214053.063912861	4214053.063912861	4214053.063912861	4214053.063912861	4214053.063912861	4214053.063912861	4214053.063912861	4214053.063912861	4214053.063912861	4214053.063912861	4214053.063912861	4214053.063912861	4214053.063912861	4214053.063912861	4214053.063912861	4214053.063912861	4214053.063912861	4214053.063912861	4214053.063912861	4214053.063912861	4214053.063912861	4214053.063912861	4214053.063912861	4214053.063912861	4214053.063912861	4214053.063912861	4214053.063912861	4214053.063912861	4214053.063912861	4214053.063912861	4214053.063912861	4214053.063912861	4214053.063912861	4214053.063912861	4214053.063912861	4214053.063912861	4214053.063912861	4214053.063912861	4214053.063912861	4214053.063912861	4214053.063912861	4214053.063912861	4214053.063912861	4214053.063912861	4214053.063912861	4214053.063912861	4214053.063912861	4214053.063912861	4214053.063912861	4214053.063912861	4214053.063912861	4214053.063912861	4214053.063912861	4214053.063912861	4214053.063912861	4214053.063912861	4214053.063912861
699036.736761977	699036.736761977	699036.736761977	699036.736761977	699036.736761977	699036.736761977	699036.736761977	699036.736761977	699036.736761977	699036.736761977	699036.736761977	699036.736761977	699036.736761977	699036.736761977	699036.736761977	699036.736761977	699036.736761977	699036.736761977	699036.736761977	699036.736761977	699036.736761977	699036.736761977	699036.736761977	699036.736761977	699036.736761977	699036.736761977	699036.736761977	699036.736761977	699036.736761977	699036.736761977	699036.736761977	699036.736761977	699036.736761977	699036.736761977	699036.736761977	699036.736761977	699036.736761977	699036.736761977	699036.736761977	699036.736761977	699036.736761977	699036.736761977	699036.736761977	699036.736761977	699036.736761977	699036.736761977	699036.736761977	699036.736761977	699036.736761977	699036.736761977	699036.736761977	699036.736761977	699036.736761977	699036.736761977	699036.736761977	699036.736761977	699036.736761977	699036.736761977	699036.736761977	699036.736761977	699036.736761977	699036.736761977	699036.736761977	699036.736761977	699036.736761977	699036.736761977	699036.736761977	699036.736761977	699036.736761977	699036.736761977	699036.736761977	699036.736761977	699036.736761977	699036.736761977	699036.736761977	699036.736761977	699036.736761977	699036.736761977	699036.736761977	699036.736761977	699036.736761977	699036.736761977	699036.736761977	699036.736761977	699036.736761977	699036.736761977	699036.736761977	699036.736761977	699036.736761977	699036.736761977	699036.736761977	699036.736761977	699036.736761977	699036.736761977	699036.736761977	699036.736761977	699036.736761977
876395.2196298767	876395.2196298767	876395.2196298767	876395.2196298767	876395.2196298767	876395.2196298767	876395.2196298767	876395.2196298767	876395.2196298767	876395.2196298767	876395.2196298767	876395.2196298767	876395.2196298767	876395.2196298767	876395.2196298767	876395.2196298767	876395.2196298767	876395.2196298767	876395.2196298767	876395.2196298767	876395.2196298767	876395.2196298767	876395.2196298767	876395.2196298767	876395.2196298767	876395.2196298767	876395.2196298767	876395.2196298767	876395.2196298767	876395.2196298767	876395.2196298767	876395.2196298767	876395.2196298767	876395.2196298767	876395.2196298767	876395.2196298767	876395.2196298767	876395.2196298767	876395.2196298767	876395.2196298767	876395.2196298767	876395.2196298767	876395.2196298767	876395.2196298767	876395.2196298767	876395.2196298767	876395.2196298767	876395.2196298767	876395.2196298767	876395.2196298767	876395.2196298767	876395.2196298767	876395.2196298767	876395.2196298767	876395.2196298767	876395.2196298767	876395.2196298767	876395.2196298767	876395.2196298767	876395.2196298767	876395.2196298767	876395.2196298767	876395.2196298767	876395.2196298767	876395.2196298767	876395.2196298767	876395.2196298767	876395.2196298767	876395.2196298767	876395.2196298767	876395.2196298767	876395.2196298767	876395.2196298767	876395.2196298767	876395.2196298767	876395.2196298767	876395.2196298767	876395.2196298767	876395.2196298767	876395.2196298767	876395.2196298767	876395.2196298767	876395.2196298767	876395.2196298767	876395.2196298767	876395.2196298767	876395.2196298767	876395.2196298767	876395.2196298767	876395.2196298767	876395.2196298767	876395.2196298767	876395.2196298767	876395.2196298767	876395.2196298767	876395.2196298767	876395.2196298767
1049059.2077764457	1049059.2077764457	1049059.2077764457	1049059.2077764457	1049059.2077764457	1049059.2077764457	1049059.2077764457	1049059.2077764457	1049059.2077764457	1049059.2077764457	1049059.2077764457	1049059.2077764457	1049059.2077764457	1049059.2077764457	1049059.2077764457	1049059.2077764457	1049059.2077764457	1049059.2077764457	1049059.2077764457	1049059.2077764457	1049059.2077764457	1049059.2077764457	1049059.2077764457	1049059.2077764457	1049059.2077764457	1049059.2077764457	1049059.2077764457	1049059.2077764457	1049059.2077764457	1049059.2077764457	1049059.2077764457	1049059.2077764457	1049059.2077764457	1049059.2077764457	1049059.2077764457	1049059.2077764457	1049059.2077764457	1049059.2077764457	1049059.2077764457	1049059.2077764457	1049059.2077764457	1049059.2077764457	1049059.2077764457	1049059.2077764457	1049059.2077764457	1049059.2077764457	1049059.2077764457	1049059.2077764457	1049059.2077764457	1049059.2077764457	1049059.2077764457	1049059.2077764457	1049059.2077764457	1049059.2077764457	1049059.2077764457	1049059.2077764457	1049059.2077764457	1049059.2077764457	1049059.2077764457	1049059.2077764457	1049059.2077764457	1049059.2077764457	1049059.2077764457	1049059.2077764457	1049059.2077764457	1049059.2077764457	1049059.2077764457	1049059.2077764457	1049059.2077764457	1049059.2077764457	1049059.2077764457	1049059.2077764457	1049059.2077764457	1049059.2077764457	1049059.2077764457	1049059.2077764457	1049059.2077764457	1049059.2077764457	1049059.2077764457	1049059.2077764457	1049059.2077764457	1049059.2077764457	1049059.2077764457	1049059.2077764457	1049059.2077764457	1049059.2077764457	1049059.2077764457	1049059.2077764457	1049059.2077764457	1049059.2077764457	1049059.2077764457	1049059.2077764457	1049059.2077764457	1049059.2077764457	1049059.2077764457	1049059.2077764457	1049059.2077764457
1195914.1376940757	1195914.1376940757	1195914.1376940757	1195914.1376940757	1195914.1376940757	1195914.1376940757	1195914.1376940757	1195914.1376940757	1195914.1376940757	1195914.1376940757	1195914.1376940757	1195914.1376940757	1195914.1376940757	1195914.1376940757	1195914.1376940757	1195914.1376940757	1195914.1376940757	1195914.1376940757	1195914.1376940757	1195914.1376940757	1195914.1376940757	1195914.1376940757	1195914.1376940757	1195914.1376940757	1195914.1376940757	1195914.1376940757	1195914.1376940757	1195914.1376940757	1195914.1376940757	1195914.1376940757	1195914.1376940757	1195914.1376940757	1195914.1376940757	1195914.1376940757	1195914.1376940757	1195914.1376940757	1195914.1376940757	1195914.1376940757	1195914.1376940757	1195914.1376940757	1195914.1376940757	1195914.1376940757	1195914.1376940757	1195914.1376940757	1195914.1376940757	1195914.1376940757	1195914.1376940757	1195914.1376940757	1195914.1376940757	1195914.1376940757	1195914.1376940757	1195914.1376940757	1195914.1376940757	1195914.1376940757	1195914.1376940757	1195914.1376940757	1195914.1376940757	1195914.1376940757	1195914.1376940757	1195914.1376940757	1195914.1376940757	1195914.1376940757	1195914.1376940757	1195914.1376940757	1195914.1376940757	1195914.1376940757	1195914.1376940757	1195914.1376940757	1195914.1376940757	1195914.1376940757	1195914.1376940757	1195914.1376940757	1195914.1376940757	1195914.1376940757	1195914.1376940757	1195914.1376940757	1195914.1376940757	1195914.1376940757	1195914.1376940757	1195914.1376940757	1195914.1376940757	1195914.1376940757	1195914.1376940757	1195914.1376940757	1195914.1376940757	1195914.1376940757	1195914.1376940757	1195914.1376940757	1195914.1376940757	1195914.1376940757	1195914.1376940757	1195914.1376940757	1195914.1376940757	1195914.1376940757	1195914.1376940757	1195914.1376940757	1195914.1376940757
1315830.655095919	1315830.655095919	1315830.655095919	1315830.655095919	1315830.655095919	1315830.655095919	1315830.655095919	1315830.655095919	1315830.655095919	1315830.655095919	1315830.655095919	1315830.655095919	1315830.655095919	1315830.655095919	1315830.655095919	1315830.655095919	1315830.655095919	1315830.655095919	1315830.655095919	1315830.655095919	1315830.655095919	1315830.655095919	1315830.655095919	1315830.655095919	1315830.655095919	1315830.655095919	1315830.655095919	1315830.655095919	1315830.655095919	1315830.655095919	1315830.655095919	1315830.655095919	1315830.655095919	1315830.655095919	1315830.655095919	1315830.655095919	1315830.655095919	1315830.655095919	1315830.655095919	1315830.655095919	1315830.655095919	1315830.655095919	1315830.655095919	1315830.655095919	1315830.655095919	1315830.655095919	1315830.655095919	1315830.655095919	1315830.655095919	1315830.655095919	1315830.655095919	1315830.655095919	1315830.655095919	1315830.655095919	1315830.655095919	1315830.655095919	1315830.655095919	1315830.655095919	1315830.655095919	1315830.655095919	1315830.655095919	1315830.655095919	1315830.655095919	1315830.655095919	1315830.655095919	1315830.655095919	1315830.655095919	1315830.655095919	1315830.655095919	1315830.655095919	1315830.655095919	1315830.655095919	1315830.655095919	1315830.655095919	1315830.655095919	1315830.655095919	1315830.655095919	1315830.655095919	1315830.655095919	1315830.655095919	1315830.655095919	1315830.655095919	1315830.655095919	1315830.655095919	1315830.655095919	1315830.655095919	1315830.655095919	1315830.655095919	1315830.655095919	1315830.655095919	1315830.655095919	1315830.655095919	1315830.655095919	1315830.655095919	1315830.655095919	1315830.655095919	1315830.655095919
1441451.3857582116	1441451.3857582116	1441451.3857582116	1441451.3857582116	1441451.3857582116	1441451.3857582116	1441451.3857582116	1441451.3857582116	1441451.3857582116	1441451.3857582116	1441451.3857582116	1441451.3857582116	1441451.3857582116	1441451.3857582116	1441451.3857582116	1441451.3857582116	1441451.3857582116	1441451.3857582116	1441451.3857582116	1441451.3857582116	1441451.3857582116	1441451.3857582116	1441451.3857582116	1441451.3857582116	1441451.3857582116	1441451.3857582116	1441451.3857582116	1441451.3857582116	1441451.3857582116	1441451.3857582116	1441451.3857582116	1441451.3857582116	1441451.3857582116	1441451.3857582116	1441451.3857582116	1441451.3857582116	1441451.3857582116	1441451.3857582116	1441451.3857582116	1441451.3857582116	1441451.3857582116	1441451.3857582116	1441451.3857582116	1441451.3857582116	1441451.3857582116	1441451.3857582116	1441451.3857582116	1441451.3857582116	1441451.3857582116	1441451.3857582116	1441451.3857582116	1441451.3857582116	1441451.3857582116	1441451.3857582116	1441451.3857582116	1441451.3857582116	1441451.3857582116	1441451.3857582116	1441451.3857582116	1441451.3857582116	1441451.3857582116	1441451.3857582116	1441451.3857582116	1441451.3857582116	1441451.3857582116	1441451.3857582116	1441451.3857582116	1441451.3857582116	1441451.3857582116	1441451.3857582116	1441451.3857582116	1441451.3857582116	1441451.3857582116	1441451.3857582116	1441451.3857582116	1441451.3857582116	1441451.3857582116	1441451.3857582116	1441451.3857582116	1441451.3857582116	1441451.3857582116	1441451.3857582116	1441451.3857582116	1441451.3857582116	1441451.3857582116	1441451.3857582116	1441451.3857582116	1441451.3857582116	1441451.3857582116	1441451.3857582116	1441451.3857582116	1441451.3857582116	1441451.3857582116	1441451.3857582116	1441451.3857582116	1441451.3857582116	1441451.3857582116
