# nr. of temperatures
30
# temperature: T [K]
0.1	0.1407051521075909	0.19797939829620287	0.2785672135143655	0.3919674467773565	0.5515183922003198	0.7760147926467996	1.0918927943710854	1.5363494171716603	2.1617227843354705	3.041655331843673	4.279864307642275	6.021989584066555	8.473249604164126	11.923396878859664	16.776447418366455	23.60478233180577	33.212380132514596	46.730453963151	65.75064234749982	92.51241112525517	130.16673155792645	183.1892564953743	257.75078699705375	362.6602862448875	510.2699578594392	717.9595885446752	1010.182870544833	1421.3466164728295	1999.8618696327449
# type of calorimetry
0
# heat capacity C [J/K/m^3]
# C(T_0, a_0), C(T_0, a_1), C(T_0, a_2), ... 
# C(T_1, a_0), C(T_1, a_1), C(T_1, a_2), ... 
0.41601596748898995	0.41601596748898995	0.41601596748898995	0.41602554672092634	0.41602554672092634	0.41602554672092634	0.41602554672092634	0.41602554672092634	0.41602554672092634	0.41602554672092634	0.41602554672092634	0.41602554672092634	0.41602554672092634	0.41602554672092634	0.41602554672092634	0.41602554672092634	0.41602554672092634	0.41602554672092634	0.41602554672092634	0.41602554672092634	0.41602554672092634	0.41602554672092634	0.41602554672092634	0.41602554672092634	0.41602554672092634	0.41602554672092634	0.41602554672092634	0.41602554672092634	0.41602554672092634	0.41602554672092634	0.41602554672092634	0.41602554672092634	0.41602554672092634	0.41602554672092634	0.41602554672092634	0.41602554672092634	0.41602554672092634	0.41602554672092634	0.41602554672092634	0.41602554672092634	0.41602554672092634	0.41602554672092634	0.41602554672092634	0.41602554672092634	0.41602554672092634	0.41602554672092634	0.41602554672092634	0.41602554672092634	0.41602554672092634	0.41602554672092634	0.41602554672092634	0.41602554672092634	0.41602554672092634	0.41602554672092634	0.41602554672092634	0.41602554672092634	0.41602554672092634	0.41602554672092634	0.41602554672092634	0.41602554672092634	0.41602554672092634	0.41602554672092634	0.41602554672092634	0.41602554672092634	0.41602554672092634	0.41602554672092634	0.41602554672092634	0.41602554672092634	0.41602554672092634	0.41602554672092634	0.41602554672092634	0.41602554672092634	0.41602554672092634	0.41602554672092634	0.41602554672092634	0.41602554672092634	0.41602554672092634	0.41602554672092634	0.41602554672092634	0.41602554672092634	0.41602554672092634	0.41602554672092634	0.41602554672092634	0.41602554672092634	0.41602554672092634	0.41602554672092634	0.41602554672092634	0.41602554672092634	0.41602554672092634	0.41602554672092634	0.41602554672092634	0.41602554672092634	0.41602554672092634	0.41602554672092634	0.41602554672092634	0.41602554672092634	0.41602554672092634
1.0094853018985719	1.0094853018985719	1.0094853018985719	1.0094853018985719	1.0094853018985719	1.0094853018985719	1.0094853018985719	1.0094853018985719	1.0094853018985719	1.0094853018985719	1.0094853018985719	1.0094853018985719	1.0094853018985719	1.0094853018985719	1.0094853018985719	1.0094853018985719	1.0094853018985719	1.0094853018985719	1.0094853018985719	1.0094853018985719	1.0094853018985719	1.0094853018985719	1.0094853018985719	1.0094853018985719	1.0094853018985719	1.0094853018985719	1.0094853018985719	1.0094853018985719	1.0094853018985719	1.0094853018985719	1.0094853018985719	1.0094853018985719	1.0094853018985719	1.0094853018985719	1.0094853018985719	1.0094853018985719	1.0094853018985719	1.0094853018985719	1.0094853018985719	1.0094853018985719	1.0094853018985719	1.0094853018985719	1.0094853018985719	1.0094853018985719	1.0094853018985719	1.0094853018985719	1.0094853018985719	1.0094853018985719	1.0094853018985719	1.0094853018985719	1.0094853018985719	1.0094853018985719	1.0094853018985719	1.0094853018985719	1.0094853018985719	1.0094853018985719	1.0094853018985719	1.0094853018985719	1.0094853018985719	1.0094853018985719	1.0094853018985719	1.0094853018985719	1.0094853018985719	1.0094853018985719	1.0094853018985719	1.0094853018985719	1.0094853018985719	1.0094853018985719	1.0094853018985719	1.0094853018985719	1.0094853018985719	1.0094853018985719	1.0094853018985719	1.0094853018985719	1.0094853018985719	1.0094853018985719	1.0094853018985719	1.0094853018985719	1.0094853018985719	1.0094853018985719	1.0094853018985719	1.0094853018985719	1.0094853018985719	1.0094853018985719	1.0094853018985719	1.0094853018985719	1.0094853018985719	1.0094853018985719	1.0094853018985719	1.0094853018985719	1.0094853018985719	1.0094853018985719	1.0094853018985719	1.0094853018985719	1.0094853018985719	1.0094853018985719	1.0094853018985719
2.026282529584443	2.026282529584443	2.026282529584443	2.026282529584443	2.026282529584443	2.026282529584443	2.026282529584443	2.026282529584443	2.026282529584443	2.026282529584443	2.026282529584443	2.026282529584443	2.026282529584443	2.026282529584443	2.026282529584443	2.026282529584443	2.026282529584443	2.026282529584443	2.026282529584443	2.026282529584443	2.026282529584443	2.026282529584443	2.026282529584443	2.026282529584443	2.026282529584443	2.026282529584443	2.026282529584443	2.026282529584443	2.026282529584443	2.026282529584443	2.026282529584443	2.026282529584443	2.026282529584443	2.026282529584443	2.026282529584443	2.026282529584443	2.026282529584443	2.026282529584443	2.026282529584443	2.026282529584443	2.026282529584443	2.026282529584443	2.026282529584443	2.026282529584443	2.026282529584443	2.026282529584443	2.026282529584443	2.026282529584443	2.026282529584443	2.026282529584443	2.026282529584443	2.026282529584443	2.026282529584443	2.026282529584443	2.026282529584443	2.026282529584443	2.026282529584443	2.026282529584443	2.026282529584443	2.026282529584443	2.026282529584443	2.026282529584443	2.026282529584443	2.026282529584443	2.026282529584443	2.026282529584443	2.026282529584443	2.026282529584443	2.026282529584443	2.026282529584443	2.026282529584443	2.026282529584443	2.026282529584443	2.026282529584443	2.026282529584443	2.026282529584443	2.026282529584443	2.026282529584443	2.026282529584443	2.026282529584443	2.026282529584443	2.026282529584443	2.026282529584443	2.026282529584443	2.026282529584443	2.026282529584443	2.026282529584443	2.026282529584443	2.026282529584443	2.026282529584443	2.026282529584443	2.026282529584443	2.026282529584443	2.026282529584443	2.026282529584443	2.026282529584443	2.026282529584443
4.088838902676976	4.088838902676976	4.088838902676976	4.088838902676976	4.088838902676976	4.088838902676976	4.088838902676976	4.088838902676976	4.088838902676976	4.088838902676976	4.088838902676976	4.088838902676976	4.088838902676976	4.088838902676976	4.088838902676976	4.088838902676976	4.088838902676976	4.088838902676976	4.088838902676976	4.088838902676976	4.088838902676976	4.088838902676976	4.088838902676976	4.088838902676976	4.088838902676976	4.088838902676976	4.088838902676976	4.088838902676976	4.088838902676976	4.088838902676976	4.088838902676976	4.088838902676976	4.088838902676976	4.088838902676976	4.088838902676976	4.088838902676976	4.088838902676976	4.088838902676976	4.088838902676976	4.088838902676976	4.088838902676976	4.088838902676976	4.088838902676976	4.088838902676976	4.088838902676976	4.088838902676976	4.088838902676976	4.088838902676976	4.088838902676976	4.088838902676976	4.088838902676976	4.088838902676976	4.088838902676976	4.088838902676976	4.088838902676976	4.088838902676976	4.088838902676976	4.088838902676976	4.088838902676976	4.088838902676976	4.088838902676976	4.088838902676976	4.088838902676976	4.088838902676976	4.088838902676976	4.088838902676976	4.088838902676976	4.088838902676976	4.088838902676976	4.088838902676976	4.088838902676976	4.088838902676976	4.088838902676976	4.088838902676976	4.088838902676976	4.088838902676976	4.088838902676976	4.088838902676976	4.088838902676976	4.088838902676976	4.088838902676976	4.088838902676976	4.088838902676976	4.088838902676976	4.088838902676976	4.088838902676976	4.088838902676976	4.088838902676976	4.088838902676976	4.088838902676976	4.088838902676976	4.088838902676976	4.088838902676976	4.088838902676976	4.088838902676976	4.088838902676976	4.088838902676976
8.309980410444318	8.309980410444318	8.309980410444318	8.309980410444318	8.309980410444318	8.309980410444318	8.309980410444318	8.309980410444318	8.309980410444318	8.309980410444318	8.309980410444318	8.309980410444318	8.309980410444318	8.309980410444318	8.309980410444318	8.309980410444318	8.309980410444318	8.309980410444318	8.309980410444318	8.309980410444318	8.309980410444318	8.309980410444318	8.309980410444318	8.309980410444318	8.309980410444318	8.309980410444318	8.309980410444318	8.309980410444318	8.309980410444318	8.309980410444318	8.309980410444318	8.309980410444318	8.309980410444318	8.309980410444318	8.309980410444318	8.309980410444318	8.309980410444318	8.309980410444318	8.309980410444318	8.309980410444318	8.309980410444318	8.309980410444318	8.309980410444318	8.309980410444318	8.309980410444318	8.309980410444318	8.309980410444318	8.309980410444318	8.309980410444318	8.309980410444318	8.309980410444318	8.309980410444318	8.309980410444318	8.309980410444318	8.309980410444318	8.309980410444318	8.309980410444318	8.309980410444318	8.309980410444318	8.309980410444318	8.309980410444318	8.309980410444318	8.309980410444318	8.309980410444318	8.309980410444318	8.309980410444318	8.309980410444318	8.309980410444318	8.309980410444318	8.309980410444318	8.309980410444318	8.309980410444318	8.309980410444318	8.309980410444318	8.309980410444318	8.309980410444318	8.309980410444318	8.309980410444318	8.309980410444318	8.309980410444318	8.309980410444318	8.309980410444318	8.309980410444318	8.309980410444318	8.309980410444318	8.309980410444318	8.309980410444318	8.309980410444318	8.309980410444318	8.309980410444318	8.309980410444318	8.309980410444318	8.309980410444318	8.309980410444318	8.309980410444318	8.309980410444318	8.309980410444318
17.04904275992887	17.04904275992887	17.04904275992887	17.04904275992887	17.04904275992887	17.04904275992887	17.04904275992887	17.04904275992887	17.04904275992887	17.04904275992887	17.04904275992887	17.04904275992887	17.04904275992887	17.04904275992887	17.04904275992887	17.04904275992887	17.04904275992887	17.04904275992887	17.04904275992887	17.04904275992887	17.04904275992887	17.04904275992887	17.04904275992887	17.04904275992887	17.04904275992887	17.04904275992887	17.04904275992887	17.04904275992887	17.04904275992887	17.04904275992887	17.04904275992887	17.04904275992887	17.04904275992887	17.04904275992887	17.04904275992887	17.04904275992887	17.052968899095873	17.052968899095873	17.052968899095873	17.052968899095873	17.052968899095873	17.052968899095873	17.052968899095873	17.052968899095873	17.052968899095873	17.052968899095873	17.052968899095873	17.052968899095873	17.052968899095873	17.052968899095873	17.052968899095873	17.052968899095873	17.052968899095873	17.052968899095873	17.052968899095873	17.052968899095873	17.052968899095873	17.052968899095873	17.052968899095873	17.052968899095873	17.052968899095873	17.052968899095873	17.052968899095873	17.052968899095873	17.052968899095873	17.052968899095873	17.052968899095873	17.052968899095873	17.052968899095873	17.052968899095873	17.052968899095873	17.052968899095873	17.052968899095873	17.052968899095873	17.052968899095873	17.052968899095873	17.052968899095873	17.052968899095873	17.052968899095873	17.052968899095873	17.052968899095873	17.052968899095873	17.052968899095873	17.052968899095873	17.052968899095873	17.052968899095873	17.052968899095873	17.052968899095873	17.052968899095873	17.052968899095873	17.052968899095873	17.052968899095873	17.052968899095873	17.052968899095873	17.052968899095873	17.052968899095873	17.052968899095873
35.42419582616495	35.42419582616495	35.42419582616495	35.42419582616495	35.42419582616495	35.42419582616495	35.42419582616495	35.42419582616495	35.42419582616495	35.42419582616495	35.42419582616495	35.42419582616495	35.42419582616495	35.42419582616495	35.42419582616495	35.42419582616495	35.42419582616495	35.42419582616495	35.42419582616495	35.42419582616495	35.42419582616495	35.42419582616495	35.42419582616495	35.42419582616495	35.42419582616495	35.42419582616495	35.42419582616495	35.42419582616495	35.42419582616495	35.42419582616495	35.42419582616495	35.42419582616495	35.42419582616495	35.42419582616495	35.42419582616495	35.42419582616495	35.42419582616495	35.42419582616495	35.42419582616495	35.42419582616495	35.42419582616495	35.42419582616495	35.42419582616495	35.42419582616495	35.42419582616495	35.42419582616495	35.42419582616495	35.42419582616495	35.42419582616495	35.42419582616495	35.42419582616495	35.42419582616495	35.42419582616495	35.42419582616495	35.42419582616495	35.42419582616495	35.42419582616495	35.42419582616495	35.42419582616495	35.42419582616495	35.42419582616495	35.42419582616495	35.42419582616495	35.42419582616495	35.42419582616495	35.42419582616495	35.42419582616495	35.42419582616495	35.42419582616495	35.42419582616495	35.42419582616495	35.42419582616495	35.42419582616495	35.42419582616495	35.42419582616495	35.42419582616495	35.42419582616495	35.42419582616495	35.42419582616495	35.42419582616495	35.42419582616495	35.42419582616495	35.42419582616495	35.42419582616495	35.42419582616495	35.42419582616495	35.42419582616495	35.42419582616495	35.42419582616495	35.42419582616495	35.42419582616495	35.42419582616495	35.42419582616495	35.42419582616495	35.42419582616495	35.42419582616495	35.42419582616495
74.78250350455649	74.78250350455649	74.78250350455649	74.78250350455649	74.78250350455649	74.78250350455649	74.78250350455649	74.78250350455649	74.78250350455649	74.78250350455649	74.78250350455649	74.78250350455649	74.78250350455649	74.78250350455649	74.78250350455649	74.78250350455649	74.78250350455649	74.78250350455649	74.78250350455649	74.78250350455649	74.78250350455649	74.78250350455649	74.78250350455649	74.78250350455649	74.78250350455649	74.78250350455649	74.78250350455649	74.78250350455649	74.78250350455649	74.78250350455649	74.78250350455649	74.78250350455649	74.78250350455649	74.78250350455649	74.78250350455649	74.78250350455649	74.78250350455649	74.78250350455649	74.78250350455649	74.78250350455649	74.78250350455649	74.78250350455649	74.78250350455649	74.78250350455649	74.78250350455649	74.78250350455649	74.78250350455649	74.78250350455649	74.78250350455649	74.78250350455649	74.78250350455649	74.78250350455649	74.78250350455649	74.78250350455649	74.78250350455649	74.78250350455649	74.78250350455649	74.78250350455649	74.78250350455649	74.78250350455649	74.78250350455649	74.78250350455649	74.78250350455649	74.78250350455649	74.78250350455649	74.78250350455649	74.78250350455649	74.78250350455649	74.78250350455649	74.78250350455649	74.78250350455649	74.78250350455649	74.78250350455649	74.78250350455649	74.78250350455649	74.78250350455649	74.78250350455649	74.78250350455649	74.78250350455649	74.78250350455649	74.78250350455649	74.78250350455649	74.78250350455649	74.78250350455649	74.78250350455649	74.78250350455649	74.78250350455649	74.78250350455649	74.78250350455649	74.78250350455649	74.78250350455649	74.78250350455649	74.78250350455649	74.78250350455649	74.78250350455649	74.78250350455649	74.78250350455649
160.9904076215705	160.9904076215705	160.9904076215705	160.9904076215705	160.9904076215705	160.9904076215705	160.9904076215705	160.9904076215705	160.9904076215705	160.9904076215705	160.9904076215705	160.9904076215705	160.9904076215705	160.9904076215705	160.9904076215705	160.9904076215705	160.9904076215705	160.9904076215705	160.9904076215705	160.9904076215705	160.9904076215705	160.9904076215705	160.9904076215705	160.9904076215705	160.9904076215705	160.9904076215705	160.9904076215705	160.9904076215705	160.9904076215705	160.9904076215705	160.9904076215705	160.9904076215705	160.9904076215705	160.9904076215705	160.9904076215705	160.9904076215705	160.9904076215705	160.9904076215705	160.9904076215705	160.9904076215705	160.9904076215705	160.9904076215705	160.9904076215705	160.9904076215705	160.9904076215705	160.9904076215705	160.9904076215705	160.9904076215705	160.9904076215705	160.9904076215705	160.9904076215705	160.9904076215705	160.9904076215705	160.9904076215705	160.9904076215705	160.9904076215705	160.9904076215705	160.9904076215705	160.9904076215705	160.9904076215705	160.9904076215705	160.9904076215705	160.9904076215705	160.9904076215705	160.9904076215705	160.9904076215705	160.9904076215705	160.9904076215705	160.9904076215705	160.9904076215705	160.9904076215705	160.9904076215705	160.9904076215705	160.9904076215705	160.9904076215705	160.9904076215705	160.9904076215705	160.9904076215705	160.9904076215705	160.9904076215705	160.9904076215705	160.9904076215705	160.9904076215705	160.9904076215705	160.9904076215705	160.9904076215705	160.9904076215705	160.9904076215705	160.9904076215705	160.9904076215705	160.9904076215705	160.9904076215705	160.9904076215705	160.9904076215705	160.9904076215705	160.9904076215705	160.9904076215705
354.73169983669135	354.81338923357526	354.81338923357526	354.81338923357526	354.81338923357526	354.81338923357526	354.81338923357526	354.81338923357526	354.81338923357526	354.81338923357526	354.81338923357526	354.81338923357526	354.81338923357526	354.81338923357526	354.81338923357526	354.81338923357526	354.81338923357526	354.81338923357526	354.81338923357526	354.81338923357526	354.81338923357526	354.81338923357526	354.81338923357526	354.81338923357526	354.81338923357526	354.81338923357526	354.81338923357526	354.81338923357526	354.81338923357526	354.81338923357526	354.81338923357526	354.81338923357526	354.81338923357526	354.81338923357526	354.81338923357526	354.81338923357526	354.81338923357526	354.81338923357526	354.81338923357526	354.81338923357526	354.81338923357526	354.81338923357526	354.81338923357526	354.81338923357526	354.81338923357526	354.81338923357526	354.81338923357526	354.81338923357526	354.81338923357526	354.81338923357526	354.81338923357526	354.81338923357526	354.81338923357526	354.81338923357526	354.81338923357526	354.81338923357526	354.81338923357526	354.81338923357526	354.81338923357526	354.81338923357526	354.81338923357526	354.81338923357526	354.81338923357526	354.81338923357526	354.81338923357526	354.81338923357526	354.81338923357526	354.81338923357526	354.81338923357526	354.81338923357526	354.81338923357526	354.81338923357526	354.81338923357526	354.81338923357526	354.81338923357526	354.81338923357526	354.81338923357526	354.81338923357526	354.81338923357526	354.81338923357526	354.81338923357526	354.81338923357526	354.81338923357526	354.81338923357526	354.81338923357526	354.81338923357526	354.81338923357526	354.81338923357526	354.81338923357526	354.81338923357526	354.81338923357526	354.81338923357526	354.81338923357526	354.81338923357526	354.81338923357526	354.81338923357526	354.81338923357526
802.7863879897862	802.7863879897862	802.7863879897862	802.7863879897862	802.7863879897862	802.7863879897862	802.7863879897862	802.7863879897862	802.7863879897862	802.7863879897862	802.7863879897862	802.7863879897862	802.7863879897862	802.7863879897862	802.7863879897862	802.7863879897862	802.7863879897862	802.7863879897862	802.7863879897862	802.7863879897862	802.7863879897862	802.7863879897862	802.7863879897862	802.7863879897862	802.7863879897862	802.7863879897862	802.7863879897862	802.7863879897862	802.7863879897862	802.7863879897862	802.7863879897862	802.7863879897862	802.7863879897862	802.7863879897862	802.7863879897862	802.7863879897862	802.7863879897862	802.7863879897862	802.7863879897862	802.7863879897862	802.7863879897862	802.7863879897862	802.7863879897862	802.7863879897862	802.7863879897862	802.7863879897862	802.7863879897862	802.7863879897862	802.7863879897862	802.7863879897862	802.7863879897862	802.7863879897862	802.7863879897862	802.7863879897862	802.7863879897862	802.7863879897862	802.7863879897862	802.7863879897862	802.7863879897862	802.7863879897862	802.7863879897862	802.7863879897862	802.7863879897862	802.7863879897862	802.7863879897862	802.7863879897862	802.7863879897862	802.7863879897862	802.7863879897862	802.7863879897862	802.7863879897862	802.7863879897862	802.7863879897862	802.7863879897862	802.7863879897862	802.7863879897862	802.7863879897862	802.7863879897862	802.7863879897862	802.7863879897862	802.7863879897862	802.7863879897862	802.7863879897862	802.7863879897862	802.7863879897862	802.7863879897862	802.7863879897862	802.7863879897862	802.7863879897862	802.7863879897862	802.7863879897862	802.7863879897862	802.7863879897862	802.7863879897862	802.7863879897862	802.7863879897862	802.7863879897862
1868.9599716514922	1868.9599716514922	1868.9599716514922	1868.9599716514922	1868.9599716514922	1868.9599716514922	1868.9599716514922	1868.9599716514922	1868.9599716514922	1868.9599716514922	1868.9599716514922	1868.9599716514922	1868.9599716514922	1868.9599716514922	1868.9599716514922	1868.9599716514922	1868.9599716514922	1868.9599716514922	1868.9599716514922	1868.9599716514922	1868.9599716514922	1868.9599716514922	1868.9599716514922	1869.3903651374837	1869.3903651374837	1869.3903651374837	1869.3903651374837	1869.3903651374837	1869.3903651374837	1869.3903651374837	1869.3903651374837	1869.3903651374837	1869.3903651374837	1869.3903651374837	1869.3903651374837	1869.3903651374837	1869.3903651374837	1869.3903651374837	1869.3903651374837	1869.3903651374837	1869.3903651374837	1869.3903651374837	1869.3903651374837	1869.3903651374837	1869.3903651374837	1869.3903651374837	1869.3903651374837	1869.3903651374837	1869.3903651374837	1869.3903651374837	1869.3903651374837	1869.3903651374837	1869.3903651374837	1869.3903651374837	1869.3903651374837	1869.3903651374837	1869.3903651374837	1869.3903651374837	1869.3903651374837	1869.3903651374837	1869.3903651374837	1869.3903651374837	1869.3903651374837	1869.3903651374837	1869.3903651374837	1869.3903651374837	1869.3903651374837	1869.3903651374837	1869.3903651374837	1869.3903651374837	1869.3903651374837	1869.3903651374837	1869.3903651374837	1869.3903651374837	1869.3903651374837	1869.3903651374837	1869.3903651374837	1869.3903651374837	1869.3903651374837	1869.3903651374837	1869.3903651374837	1869.3903651374837	1869.3903651374837	1869.3903651374837	1869.3903651374837	1869.3903651374837	1869.3903651374837	1869.3903651374837	1869.3903651374837	1869.3903651374837	1869.3903651374837	1869.3903651374837	1869.3903651374837	1869.3903651374837	1869.3903651374837	1869.3903651374837	1869.3903651374837
4480.226804128664	4480.226804128664	4480.226804128664	4480.226804128664	4480.226804128664	4480.226804128664	4480.226804128664	4480.226804128664	4480.226804128664	4480.226804128664	4480.226804128664	4480.226804128664	4480.226804128664	4480.226804128664	4480.226804128664	4480.226804128664	4480.226804128664	4480.226804128664	4480.226804128664	4480.226804128664	4480.226804128664	4480.226804128664	4480.226804128664	4480.226804128664	4480.226804128664	4480.226804128664	4480.226804128664	4480.226804128664	4480.226804128664	4480.226804128664	4480.226804128664	4480.226804128664	4480.226804128664	4480.226804128664	4480.226804128664	4480.226804128664	4480.226804128664	4480.226804128664	4480.226804128664	4480.226804128664	4480.226804128664	4480.226804128664	4480.226804128664	4480.226804128664	4480.226804128664	4480.226804128664	4480.226804128664	4480.226804128664	4480.226804128664	4480.226804128664	4480.226804128664	4480.226804128664	4480.226804128664	4480.226804128664	4480.226804128664	4480.226804128664	4480.226804128664	4480.226804128664	4480.226804128664	4480.226804128664	4480.226804128664	4480.226804128664	4480.226804128664	4480.226804128664	4480.226804128664	4480.226804128664	4480.226804128664	4480.226804128664	4480.226804128664	4480.226804128664	4480.226804128664	4480.226804128664	4480.226804128664	4480.226804128664	4480.226804128664	4480.226804128664	4480.226804128664	4480.226804128664	4480.226804128664	4480.226804128664	4480.226804128664	4480.226804128664	4480.226804128664	4480.226804128664	4480.226804128664	4480.226804128664	4480.226804128664	4480.226804128664	4480.226804128664	4480.226804128664	4480.226804128664	4480.226804128664	4480.226804128664	4480.226804128664	4480.226804128664	4480.226804128664	4480.226804128664
9057.326008981996	9057.326008981996	9057.326008981996	9057.326008981996	9057.326008981996	9057.326008981996	9057.326008981996	9057.326008981996	9057.326008981996	9057.326008981996	9057.326008981996	9057.326008981996	9057.326008981996	9057.326008981996	9057.326008981996	9057.326008981996	9057.326008981996	9057.326008981996	9057.326008981996	9057.326008981996	9057.326008981996	9057.326008981996	9057.326008981996	9057.326008981996	9057.326008981996	9057.326008981996	9057.326008981996	9057.326008981996	9057.326008981996	9057.326008981996	9057.326008981996	9057.326008981996	9057.326008981996	9057.326008981996	9057.326008981996	9057.326008981996	9057.326008981996	9057.326008981996	9057.326008981996	9057.326008981996	9057.326008981996	9057.326008981996	9057.326008981996	9057.326008981996	9057.326008981996	9057.326008981996	9057.326008981996	9057.326008981996	9057.326008981996	9057.326008981996	9057.326008981996	9057.326008981996	9057.326008981996	9057.326008981996	9057.326008981996	9057.326008981996	9057.326008981996	9057.326008981996	9057.326008981996	9057.326008981996	9057.326008981996	9057.326008981996	9057.326008981996	9057.326008981996	9057.326008981996	9057.326008981996	9057.326008981996	9057.326008981996	9057.326008981996	9057.326008981996	9057.326008981996	9057.326008981996	9057.326008981996	9057.326008981996	9057.326008981996	9057.326008981996	9057.326008981996	9057.326008981996	9057.326008981996	9057.326008981996	9057.326008981996	9057.326008981996	9057.326008981996	9057.326008981996	9057.326008981996	9057.326008981996	9057.326008981996	9057.326008981996	9057.326008981996	9057.326008981996	9057.326008981996	9057.326008981996	9057.326008981996	9057.326008981996	9057.326008981996	9057.326008981996	9057.326008981996
14507.747890889113	14511.08880791428	14511.08880791428	14511.08880791428	14511.08880791428	14511.08880791428	14511.08880791428	14511.08880791428	14511.08880791428	14511.08880791428	14511.08880791428	14511.08880791428	14511.08880791428	14511.08880791428	14511.08880791428	14511.08880791428	14511.08880791428	14511.08880791428	14511.08880791428	14511.08880791428	14511.08880791428	14511.08880791428	14511.08880791428	14511.08880791428	14511.08880791428	14511.08880791428	14511.08880791428	14511.08880791428	14511.08880791428	14511.08880791428	14511.08880791428	14511.08880791428	14511.08880791428	14511.08880791428	14511.08880791428	14511.08880791428	14511.08880791428	14511.08880791428	14511.08880791428	14511.08880791428	14511.08880791428	14511.08880791428	14511.08880791428	14511.08880791428	14511.08880791428	14511.08880791428	14511.08880791428	14511.08880791428	14511.08880791428	14511.08880791428	14511.08880791428	14511.08880791428	14511.08880791428	14511.08880791428	14511.08880791428	14511.08880791428	14511.08880791428	14511.08880791428	14511.08880791428	14511.08880791428	14511.08880791428	14511.08880791428	14511.08880791428	14511.08880791428	14511.08880791428	14511.08880791428	14511.08880791428	14511.08880791428	14511.08880791428	14511.08880791428	14511.08880791428	14511.08880791428	14511.08880791428	14511.08880791428	14511.08880791428	14511.08880791428	14511.08880791428	14511.08880791428	14511.08880791428	14511.08880791428	14511.08880791428	14511.08880791428	14511.08880791428	14511.08880791428	14511.08880791428	14511.08880791428	14511.08880791428	14511.08880791428	14511.08880791428	14511.08880791428	14511.08880791428	14511.08880791428	14511.08880791428	14511.08880791428	14511.08880791428	14511.08880791428	14511.08880791428
23110.00290120626	23110.00290120626	23110.00290120626	23110.00290120626	23110.00290120626	23110.00290120626	23110.00290120626	23110.00290120626	23110.00290120626	23110.00290120626	23110.00290120626	23110.00290120626	23110.00290120626	23110.00290120626	23110.00290120626	23115.324788705613	23115.324788705613	23115.324788705613	23115.324788705613	23115.324788705613	23115.324788705613	23115.324788705613	23115.324788705613	23115.324788705613	23115.324788705613	23115.324788705613	23115.324788705613	23115.324788705613	23115.324788705613	23115.324788705613	23115.324788705613	23115.324788705613	23115.324788705613	23115.324788705613	23115.324788705613	23115.324788705613	23115.324788705613	23115.324788705613	23115.324788705613	23115.324788705613	23115.324788705613	23115.324788705613	23115.324788705613	23115.324788705613	23115.324788705613	23115.324788705613	23115.324788705613	23115.324788705613	23115.324788705613	23115.324788705613	23115.324788705613	23115.324788705613	23115.324788705613	23115.324788705613	23115.324788705613	23115.324788705613	23115.324788705613	23115.324788705613	23115.324788705613	23115.324788705613	23115.324788705613	23115.324788705613	23115.324788705613	23115.324788705613	23115.324788705613	23115.324788705613	23115.324788705613	23115.324788705613	23115.324788705613	23115.324788705613	23115.324788705613	23115.324788705613	23115.324788705613	23115.324788705613	23115.324788705613	23115.324788705613	23115.324788705613	23115.324788705613	23115.324788705613	23115.324788705613	23115.324788705613	23115.324788705613	23115.324788705613	23115.324788705613	23115.324788705613	23115.324788705613	23115.324788705613	23115.324788705613	23115.324788705613	23115.324788705613	23115.324788705613	23115.324788705613	23115.324788705613	23115.324788705613	23115.324788705613	23115.324788705613	23115.324788705613
40494.86915186339	40494.86915186339	40494.86915186339	40494.86915186339	40494.86915186339	40494.86915186339	40494.86915186339	40494.86915186339	40494.86915186339	40494.86915186339	40494.86915186339	40494.86915186339	40494.86915186339	40494.86915186339	40494.86915186339	40494.86915186339	40494.86915186339	40494.86915186339	40494.86915186339	40494.86915186339	40494.86915186339	40494.86915186339	40494.86915186339	40494.86915186339	40494.86915186339	40494.86915186339	40494.86915186339	40494.86915186339	40494.86915186339	40494.86915186339	40494.86915186339	40494.86915186339	40494.86915186339	40494.86915186339	40494.86915186339	40494.86915186339	40494.86915186339	40494.86915186339	40494.86915186339	40494.86915186339	40494.86915186339	40494.86915186339	40494.86915186339	40494.86915186339	40494.86915186339	40494.86915186339	40494.86915186339	40494.86915186339	40494.86915186339	40494.86915186339	40494.86915186339	40494.86915186339	40494.86915186339	40494.86915186339	40494.86915186339	40494.86915186339	40494.86915186339	40494.86915186339	40494.86915186339	40494.86915186339	40494.86915186339	40494.86915186339	40494.86915186339	40494.86915186339	40494.86915186339	40494.86915186339	40494.86915186339	40494.86915186339	40494.86915186339	40494.86915186339	40494.86915186339	40494.86915186339	40494.86915186339	40494.86915186339	40494.86915186339	40494.86915186339	40494.86915186339	40494.86915186339	40494.86915186339	40494.86915186339	40494.86915186339	40494.86915186339	40494.86915186339	40494.86915186339	40494.86915186339	40494.86915186339	40494.86915186339	40494.86915186339	40494.86915186339	40494.86915186339	40494.86915186339	40494.86915186339	40494.86915186339	40494.86915186339	40494.86915186339	40494.86915186339	40494.86915186339
72777.98045368242	72777.98045368242	72777.98045368242	72777.98045368242	72777.98045368242	72777.98045368242	72777.98045368242	72777.98045368242	72777.98045368242	72777.98045368242	72777.98045368242	72777.98045368242	72777.98045368242	72777.98045368242	72777.98045368242	72777.98045368242	72777.98045368242	72777.98045368242	72777.98045368242	72777.98045368242	72777.98045368242	72777.98045368242	72777.98045368242	72777.98045368242	72777.98045368242	72777.98045368242	72777.98045368242	72777.98045368242	72777.98045368242	72777.98045368242	72777.98045368242	72777.98045368242	72777.98045368242	72777.98045368242	72777.98045368242	72777.98045368242	72777.98045368242	72777.98045368242	72777.98045368242	72777.98045368242	72777.98045368242	72777.98045368242	72777.98045368242	72777.98045368242	72777.98045368242	72777.98045368242	72777.98045368242	72777.98045368242	72777.98045368242	72777.98045368242	72777.98045368242	72777.98045368242	72777.98045368242	72777.98045368242	72777.98045368242	72777.98045368242	72777.98045368242	72777.98045368242	72777.98045368242	72777.98045368242	72777.98045368242	72777.98045368242	72777.98045368242	72777.98045368242	72777.98045368242	72777.98045368242	72777.98045368242	72777.98045368242	72777.98045368242	72777.98045368242	72777.98045368242	72777.98045368242	72777.98045368242	72777.98045368242	72777.98045368242	72777.98045368242	72777.98045368242	72777.98045368242	72777.98045368242	72777.98045368242	72777.98045368242	72777.98045368242	72777.98045368242	72777.98045368242	72777.98045368242	72777.98045368242	72777.98045368242	72777.98045368242	72777.98045368242	72777.98045368242	72777.98045368242	72777.98045368242	72777.98045368242	72777.98045368242	72777.98045368242	72777.98045368242	72777.98045368242
132953.56899791106	132953.56899791106	132953.56899791106	132953.56899791106	132953.56899791106	132953.56899791106	132953.56899791106	132953.56899791106	132953.56899791106	132953.56899791106	132953.56899791106	132953.56899791106	132953.56899791106	132953.56899791106	132953.56899791106	132953.56899791106	132953.56899791106	132953.56899791106	132953.56899791106	132953.56899791106	132953.56899791106	132953.56899791106	132953.56899791106	132953.56899791106	132953.56899791106	132953.56899791106	132953.56899791106	132953.56899791106	132953.56899791106	132953.56899791106	132953.56899791106	132953.56899791106	132953.56899791106	132953.56899791106	132953.56899791106	132953.56899791106	132953.56899791106	132953.56899791106	132953.56899791106	132953.56899791106	132953.56899791106	132953.56899791106	132953.56899791106	132953.56899791106	132953.56899791106	132953.56899791106	132953.56899791106	132953.56899791106	132953.56899791106	132953.56899791106	132953.56899791106	132953.56899791106	132953.56899791106	132953.56899791106	132953.56899791106	132953.56899791106	132953.56899791106	132953.56899791106	132953.56899791106	132953.56899791106	132953.56899791106	132953.56899791106	132953.56899791106	132953.56899791106	132953.56899791106	132953.56899791106	132953.56899791106	132953.56899791106	132953.56899791106	132953.56899791106	132953.56899791106	132953.56899791106	132953.56899791106	132953.56899791106	132953.56899791106	132953.56899791106	132953.56899791106	132953.56899791106	132953.56899791106	132953.56899791106	132953.56899791106	132953.56899791106	132953.56899791106	132953.56899791106	132953.56899791106	132953.56899791106	132953.56899791106	132953.56899791106	132953.56899791106	132953.56899791106	132953.56899791106	132953.56899791106	132953.56899791106	132953.56899791106	132953.56899791106	132953.56899791106	132953.56899791106
241157.07074819805	241157.07074819805	241157.07074819805	241157.07074819805	241157.07074819805	241157.07074819805	241157.07074819805	241157.07074819805	241157.07074819805	241157.07074819805	241157.07074819805	241157.07074819805	241157.07074819805	241157.07074819805	241157.07074819805	241157.07074819805	241157.07074819805	241157.07074819805	241157.07074819805	241157.07074819805	241157.07074819805	241157.07074819805	241157.07074819805	241157.07074819805	241157.07074819805	241157.07074819805	241157.07074819805	241157.07074819805	241157.07074819805	241157.07074819805	241157.07074819805	241157.07074819805	241157.07074819805	241157.07074819805	241157.07074819805	241157.07074819805	241157.07074819805	241157.07074819805	241157.07074819805	241157.07074819805	241157.07074819805	241157.07074819805	241157.07074819805	241157.07074819805	241157.07074819805	241157.07074819805	241157.07074819805	241157.07074819805	241157.07074819805	241157.07074819805	241157.07074819805	241157.07074819805	241157.07074819805	241157.07074819805	241157.07074819805	241157.07074819805	241157.07074819805	241157.07074819805	241157.07074819805	241157.07074819805	241157.07074819805	241157.07074819805	241157.07074819805	241157.07074819805	241157.07074819805	241157.07074819805	241157.07074819805	241157.07074819805	241157.07074819805	241157.07074819805	241157.07074819805	241157.07074819805	241157.07074819805	241157.07074819805	241157.07074819805	241157.07074819805	241157.07074819805	241157.07074819805	241157.07074819805	241157.07074819805	241157.07074819805	241157.07074819805	241157.07074819805	241157.07074819805	241157.07074819805	241157.07074819805	241157.07074819805	241157.07074819805	241157.07074819805	241157.07074819805	241157.07074819805	241157.07074819805	241157.07074819805	241157.07074819805	241157.07074819805	241157.07074819805	241157.07074819805
418890.0070027824	418890.0070027824	418890.0070027824	418890.0070027824	418890.0070027824	418890.0070027824	418890.0070027824	418890.0070027824	418890.0070027824	418890.0070027824	418890.0070027824	418890.0070027824	418890.0070027824	418890.0070027824	418890.0070027824	418890.0070027824	418890.0070027824	418890.0070027824	418890.0070027824	418890.0070027824	418890.0070027824	418890.0070027824	418890.0070027824	418890.0070027824	418890.0070027824	418890.0070027824	418890.0070027824	418890.0070027824	418890.0070027824	418890.0070027824	418890.0070027824	418890.0070027824	418890.0070027824	418890.0070027824	418890.0070027824	418890.0070027824	418890.0070027824	418890.0070027824	418890.0070027824	418890.0070027824	418890.0070027824	418890.0070027824	418890.0070027824	418890.0070027824	418890.0070027824	418890.0070027824	418890.0070027824	418890.0070027824	418890.0070027824	418890.0070027824	418890.0070027824	418890.0070027824	418890.0070027824	418890.0070027824	418890.0070027824	418890.0070027824	418890.0070027824	418890.0070027824	418890.0070027824	418890.0070027824	418890.0070027824	418890.0070027824	418890.0070027824	418890.0070027824	418890.0070027824	418890.0070027824	418890.0070027824	418890.0070027824	418890.0070027824	418890.0070027824	418890.0070027824	418890.0070027824	418890.0070027824	418890.0070027824	418890.0070027824	418890.0070027824	418890.0070027824	418890.0070027824	418890.0070027824	418890.0070027824	418890.0070027824	418890.0070027824	418890.0070027824	418890.0070027824	418890.0070027824	418890.0070027824	418890.0070027824	418890.0070027824	418890.0070027824	418890.0070027824	418890.0070027824	418890.0070027824	418890.0070027824	418890.0070027824	418890.0070027824	418890.0070027824	418890.0070027824
677329.5140086069	677329.5140086069	677329.5140086069	677329.5140086069	677329.5140086069	677329.5140086069	677329.5140086069	677329.5140086069	677329.5140086069	677329.5140086069	677329.5140086069	677329.5140086069	677329.5140086069	677329.5140086069	677329.5140086069	677329.5140086069	677329.5140086069	677329.5140086069	677329.5140086069	677329.5140086069	677329.5140086069	677329.5140086069	677329.5140086069	677329.5140086069	677329.5140086069	677329.5140086069	677329.5140086069	677329.5140086069	677329.5140086069	677329.5140086069	677329.5140086069	677329.5140086069	677329.5140086069	677329.5140086069	677329.5140086069	677329.5140086069	677329.5140086069	677329.5140086069	677329.5140086069	677329.5140086069	677329.5140086069	677329.5140086069	677329.5140086069	677329.5140086069	677329.5140086069	677329.5140086069	677329.5140086069	677329.5140086069	677329.5140086069	677329.5140086069	677329.5140086069	677329.5140086069	677329.5140086069	677329.5140086069	677329.5140086069	677329.5140086069	677329.5140086069	677329.5140086069	677329.5140086069	677329.5140086069	677329.5140086069	677329.5140086069	677329.5140086069	677329.5140086069	677329.5140086069	677329.5140086069	677329.5140086069	677329.5140086069	677329.5140086069	677329.5140086069	677329.5140086069	677329.5140086069	677329.5140086069	677329.5140086069	677329.5140086069	677329.5140086069	677329.5140086069	677329.5140086069	677329.5140086069	677329.5140086069	677329.5140086069	677329.5140086069	677329.5140086069	677329.5140086069	677329.5140086069	677329.5140086069	677329.5140086069	677329.5140086069	677329.5140086069	677329.5140086069	677329.5140086069	677329.5140086069	677329.5140086069	677329.5140086069	677329.5140086069	677329.5140086069	677329.5140086069
1012977.9687601025	1012977.9687601025	1012977.9687601025	1012977.9687601025	1012977.9687601025	1012977.9687601025	1012977.9687601025	1012977.9687601025	1012977.9687601025	1012977.9687601025	1012977.9687601025	1012977.9687601025	1012977.9687601025	1012977.9687601025	1012977.9687601025	1012977.9687601025	1012977.9687601025	1012977.9687601025	1012977.9687601025	1012977.9687601025	1012977.9687601025	1012977.9687601025	1012977.9687601025	1012977.9687601025	1012977.9687601025	1012977.9687601025	1012977.9687601025	1012977.9687601025	1012977.9687601025	1012977.9687601025	1012977.9687601025	1012977.9687601025	1012977.9687601025	1012977.9687601025	1012977.9687601025	1012977.9687601025	1012977.9687601025	1012977.9687601025	1012977.9687601025	1012977.9687601025	1012977.9687601025	1012977.9687601025	1012977.9687601025	1012977.9687601025	1012977.9687601025	1012977.9687601025	1012977.9687601025	1012977.9687601025	1012977.9687601025	1012977.9687601025	1012977.9687601025	1012977.9687601025	1012977.9687601025	1012977.9687601025	1012977.9687601025	1012977.9687601025	1012977.9687601025	1012977.9687601025	1012977.9687601025	1012977.9687601025	1012977.9687601025	1012977.9687601025	1012977.9687601025	1012977.9687601025	1012977.9687601025	1012977.9687601025	1012977.9687601025	1012977.9687601025	1012977.9687601025	1012977.9687601025	1012977.9687601025	1012977.9687601025	1012977.9687601025	1012977.9687601025	1012977.9687601025	1012977.9687601025	1012977.9687601025	1012977.9687601025	1012977.9687601025	1012977.9687601025	1012977.9687601025	1012977.9687601025	1012977.9687601025	1012977.9687601025	1012977.9687601025	1012977.9687601025	1012977.9687601025	1012977.9687601025	1012977.9687601025	1012977.9687601025	1012977.9687601025	1012977.9687601025	1012977.9687601025	1012977.9687601025	1012977.9687601025	1012977.9687601025	1012977.9687601025
1405723.806993746	1405723.806993746	1405723.806993746	1405723.806993746	1405723.806993746	1405723.806993746	1405723.806993746	1405723.806993746	1405723.806993746	1405723.806993746	1405723.806993746	1405723.806993746	1405723.806993746	1405723.806993746	1405723.806993746	1405723.806993746	1405723.806993746	1405723.806993746	1405723.806993746	1405723.806993746	1405723.806993746	1405723.806993746	1405723.806993746	1405723.806993746	1405723.806993746	1405723.806993746	1405723.806993746	1405723.806993746	1405723.806993746	1405723.806993746	1405723.806993746	1405723.806993746	1405723.806993746	1405723.806993746	1405723.806993746	1405723.806993746	1405723.806993746	1405723.806993746	1405723.806993746	1405723.806993746	1405723.806993746	1405723.806993746	1405723.806993746	1405723.806993746	1405723.806993746	1405723.806993746	1405723.806993746	1405723.806993746	1405723.806993746	1405723.806993746	1405723.806993746	1405723.806993746	1405723.806993746	1405723.806993746	1405723.806993746	1405723.806993746	1405723.806993746	1405723.806993746	1405723.806993746	1405723.806993746	1405723.806993746	1405723.806993746	1405723.806993746	1405723.806993746	1405723.806993746	1405723.806993746	1405723.806993746	1405723.806993746	1405723.806993746	1405723.806993746	1405723.806993746	1405723.806993746	1405723.806993746	1405723.806993746	1405723.806993746	1405723.806993746	1405723.806993746	1405723.806993746	1405723.806993746	1405723.806993746	1405723.806993746	1405723.806993746	1405723.806993746	1405723.806993746	1405723.806993746	1405723.806993746	1405723.806993746	1405723.806993746	1405723.806993746	1405723.806993746	1405723.806993746	1405723.806993746	1405723.806993746	1405723.806993746	1405723.806993746	1405723.806993746	1405723.806993746
1839077.3683280798	1839077.3683280798	1839077.3683280798	1839077.3683280798	1839077.3683280798	1839077.3683280798	1839077.3683280798	1839077.3683280798	1839077.3683280798	1839077.3683280798	1839077.3683280798	1839077.3683280798	1839077.3683280798	1839077.3683280798	1839077.3683280798	1839077.3683280798	1839077.3683280798	1839077.3683280798	1839077.3683280798	1839077.3683280798	1839077.3683280798	1839077.3683280798	1839077.3683280798	1839077.3683280798	1839077.3683280798	1839077.3683280798	1839077.3683280798	1839077.3683280798	1839077.3683280798	1839077.3683280798	1839077.3683280798	1839077.3683280798	1839077.3683280798	1839077.3683280798	1839077.3683280798	1839077.3683280798	1839077.3683280798	1839077.3683280798	1839077.3683280798	1839077.3683280798	1839077.3683280798	1839077.3683280798	1839077.3683280798	1839077.3683280798	1839077.3683280798	1839077.3683280798	1839077.3683280798	1839077.3683280798	1839077.3683280798	1839077.3683280798	1839077.3683280798	1839077.3683280798	1839077.3683280798	1839077.3683280798	1839077.3683280798	1839077.3683280798	1839077.3683280798	1839077.3683280798	1839077.3683280798	1839077.3683280798	1839077.3683280798	1839077.3683280798	1839077.3683280798	1839077.3683280798	1839077.3683280798	1839077.3683280798	1839077.3683280798	1839077.3683280798	1839077.3683280798	1839077.3683280798	1839077.3683280798	1839077.3683280798	1839077.3683280798	1839077.3683280798	1839077.3683280798	1839077.3683280798	1839077.3683280798	1839077.3683280798	1839077.3683280798	1839077.3683280798	1839077.3683280798	1839077.3683280798	1839077.3683280798	1839077.3683280798	1839077.3683280798	1839077.3683280798	1839077.3683280798	1839077.3683280798	1839077.3683280798	1839077.3683280798	1839077.3683280798	1839077.3683280798	1839077.3683280798	1839077.3683280798	1839077.3683280798	1839077.3683280798	1839077.3683280798
2306216.101697062	2306216.101697062	2306216.101697062	2306216.101697062	2306216.101697062	2306216.101697062	2306216.101697062	2306216.101697062	2306216.101697062	2306216.101697062	2306216.101697062	2306216.101697062	2306216.101697062	2306216.101697062	2306216.101697062	2306216.101697062	2306216.101697062	2306216.101697062	2306216.101697062	2306216.101697062	2306216.101697062	2306216.101697062	2306216.101697062	2306216.101697062	2306216.101697062	2306216.101697062	2306216.101697062	2306216.101697062	2306216.101697062	2306216.101697062	2306216.101697062	2306216.101697062	2306216.101697062	2306216.101697062	2306216.101697062	2306216.101697062	2306216.101697062	2306216.101697062	2306216.101697062	2306216.101697062	2306216.101697062	2306216.101697062	2306216.101697062	2306216.101697062	2306216.101697062	2306216.101697062	2306216.101697062	2306216.101697062	2306216.101697062	2306216.101697062	2306216.101697062	2306216.101697062	2306216.101697062	2306216.101697062	2306216.101697062	2306216.101697062	2306216.101697062	2306216.101697062	2306216.101697062	2306216.101697062	2306216.101697062	2306216.101697062	2306216.101697062	2306216.101697062	2306216.101697062	2306216.101697062	2306216.101697062	2306216.101697062	2306216.101697062	2306216.101697062	2306216.101697062	2306216.101697062	2306216.101697062	2306216.101697062	2306216.101697062	2306216.101697062	2306216.101697062	2306216.101697062	2306216.101697062	2306216.101697062	2306216.101697062	2306216.101697062	2306216.101697062	2306216.101697062	2306216.101697062	2306216.101697062	2306216.101697062	2306216.101697062	2306216.101697062	2306216.101697062	2306216.101697062	2306216.101697062	2306216.101697062	2306216.101697062	2306216.101697062	2306216.101697062	2306216.101697062
2760577.8562203445	2760577.8562203445	2760577.8562203445	2760577.8562203445	2760577.8562203445	2760577.8562203445	2760577.8562203445	2760577.8562203445	2760577.8562203445	2760577.8562203445	2760577.8562203445	2760577.8562203445	2760577.8562203445	2760577.8562203445	2760577.8562203445	2760577.8562203445	2760577.8562203445	2760577.8562203445	2760577.8562203445	2760577.8562203445	2760577.8562203445	2760577.8562203445	2760577.8562203445	2760577.8562203445	2760577.8562203445	2760577.8562203445	2760577.8562203445	2760577.8562203445	2760577.8562203445	2760577.8562203445	2760577.8562203445	2760577.8562203445	2760577.8562203445	2760577.8562203445	2760577.8562203445	2760577.8562203445	2760577.8562203445	2760577.8562203445	2760577.8562203445	2760577.8562203445	2760577.8562203445	2760577.8562203445	2760577.8562203445	2760577.8562203445	2760577.8562203445	2760577.8562203445	2760577.8562203445	2760577.8562203445	2760577.8562203445	2760577.8562203445	2760577.8562203445	2760577.8562203445	2760577.8562203445	2760577.8562203445	2760577.8562203445	2760577.8562203445	2760577.8562203445	2760577.8562203445	2760577.8562203445	2760577.8562203445	2760577.8562203445	2760577.8562203445	2760577.8562203445	2760577.8562203445	2760577.8562203445	2760577.8562203445	2760577.8562203445	2760577.8562203445	2760577.8562203445	2760577.8562203445	2760577.8562203445	2760577.8562203445	2760577.8562203445	2760577.8562203445	2760577.8562203445	2760577.8562203445	2760577.8562203445	2760577.8562203445	2760577.8562203445	2760577.8562203445	2760577.8562203445	2760577.8562203445	2760577.8562203445	2760577.8562203445	2760577.8562203445	2760577.8562203445	2760577.8562203445	2760577.8562203445	2760577.8562203445	2760577.8562203445	2760577.8562203445	2760577.8562203445	2760577.8562203445	2760577.8562203445	2760577.8562203445	2760577.8562203445	2760577.8562203445
3147023.6017056573	3147023.6017056573	3147023.6017056573	3147023.6017056573	3147023.6017056573	3147023.6017056573	3147023.6017056573	3147023.6017056573	3147023.6017056573	3147023.6017056573	3147023.6017056573	3147023.6017056573	3147023.6017056573	3147023.6017056573	3147023.6017056573	3147023.6017056573	3147023.6017056573	3147023.6017056573	3147023.6017056573	3147023.6017056573	3147023.6017056573	3147023.6017056573	3147023.6017056573	3147023.6017056573	3147023.6017056573	3147023.6017056573	3147023.6017056573	3147023.6017056573	3147023.6017056573	3147023.6017056573	3147023.6017056573	3147023.6017056573	3147023.6017056573	3147023.6017056573	3147023.6017056573	3147023.6017056573	3147023.6017056573	3147023.6017056573	3147023.6017056573	3147023.6017056573	3147023.6017056573	3147023.6017056573	3147023.6017056573	3147023.6017056573	3147023.6017056573	3147023.6017056573	3147023.6017056573	3147023.6017056573	3147023.6017056573	3147023.6017056573	3147023.6017056573	3147023.6017056573	3147023.6017056573	3147023.6017056573	3147023.6017056573	3147023.6017056573	3147023.6017056573	3147023.6017056573	3147023.6017056573	3147023.6017056573	3147023.6017056573	3147023.6017056573	3147023.6017056573	3147023.6017056573	3147023.6017056573	3147023.6017056573	3147023.6017056573	3147023.6017056573	3147023.6017056573	3147023.6017056573	3147023.6017056573	3147023.6017056573	3147023.6017056573	3147023.6017056573	3147023.6017056573	3147023.6017056573	3147023.6017056573	3147023.6017056573	3147023.6017056573	3147023.6017056573	3147023.6017056573	3147023.6017056573	3147023.6017056573	3147023.6017056573	3147023.6017056573	3147023.6017056573	3147023.6017056573	3147023.6017056573	3147023.6017056573	3147023.6017056573	3147023.6017056573	3147023.6017056573	3147023.6017056573	3147023.6017056573	3147023.6017056573	3147023.6017056573	3147023.6017056573
3462581.4654379156	3462581.4654379156	3462581.4654379156	3462581.4654379156	3462581.4654379156	3462581.4654379156	3462581.4654379156	3462581.4654379156	3462581.4654379156	3462581.4654379156	3462581.4654379156	3462581.4654379156	3462581.4654379156	3462581.4654379156	3462581.4654379156	3462581.4654379156	3462581.4654379156	3462581.4654379156	3462581.4654379156	3462581.4654379156	3462581.4654379156	3462581.4654379156	3462581.4654379156	3462581.4654379156	3462581.4654379156	3462581.4654379156	3462581.4654379156	3462581.4654379156	3462581.4654379156	3462581.4654379156	3462581.4654379156	3462581.4654379156	3462581.4654379156	3462581.4654379156	3462581.4654379156	3462581.4654379156	3462581.4654379156	3462581.4654379156	3462581.4654379156	3462581.4654379156	3462581.4654379156	3462581.4654379156	3462581.4654379156	3462581.4654379156	3462581.4654379156	3462581.4654379156	3462581.4654379156	3462581.4654379156	3462581.4654379156	3462581.4654379156	3462581.4654379156	3462581.4654379156	3462581.4654379156	3462581.4654379156	3462581.4654379156	3462581.4654379156	3462581.4654379156	3462581.4654379156	3462581.4654379156	3462581.4654379156	3462581.4654379156	3462581.4654379156	3462581.4654379156	3462581.4654379156	3462581.4654379156	3462581.4654379156	3462581.4654379156	3462581.4654379156	3462581.4654379156	3462581.4654379156	3462581.4654379156	3462581.4654379156	3462581.4654379156	3462581.4654379156	3462581.4654379156	3462581.4654379156	3462581.4654379156	3462581.4654379156	3462581.4654379156	3462581.4654379156	3462581.4654379156	3462581.4654379156	3462581.4654379156	3462581.4654379156	3462581.4654379156	3462581.4654379156	3462581.4654379156	3462581.4654379156	3462581.4654379156	3462581.4654379156	3462581.4654379156	3462581.4654379156	3462581.4654379156	3462581.4654379156	3462581.4654379156	3462581.4654379156	3462581.4654379156
3794023.3553289603	3794023.3553289603	3794023.3553289603	3794023.3553289603	3794023.3553289603	3794023.3553289603	3794023.3553289603	3794023.3553289603	3794023.3553289603	3794023.3553289603	3794023.3553289603	3794023.3553289603	3794023.3553289603	3794023.3553289603	3794023.3553289603	3794023.3553289603	3794023.3553289603	3794023.3553289603	3794023.3553289603	3794023.3553289603	3794023.3553289603	3794023.3553289603	3794023.3553289603	3794023.3553289603	3794023.3553289603	3794023.3553289603	3794023.3553289603	3794023.3553289603	3794023.3553289603	3794023.3553289603	3794023.3553289603	3794023.3553289603	3794023.3553289603	3794023.3553289603	3794023.3553289603	3794023.3553289603	3794023.3553289603	3794023.3553289603	3794023.3553289603	3794023.3553289603	3794023.3553289603	3794023.3553289603	3794023.3553289603	3794023.3553289603	3794023.3553289603	3794023.3553289603	3794023.3553289603	3794023.3553289603	3794023.3553289603	3794023.3553289603	3794023.3553289603	3794023.3553289603	3794023.3553289603	3794023.3553289603	3794023.3553289603	3794023.3553289603	3794023.3553289603	3794023.3553289603	3794023.3553289603	3794023.3553289603	3794023.3553289603	3794023.3553289603	3794023.3553289603	3794023.3553289603	3794023.3553289603	3794023.3553289603	3794023.3553289603	3794023.3553289603	3794023.3553289603	3794023.3553289603	3794023.3553289603	3794023.3553289603	3794023.3553289603	3794023.3553289603	3794023.3553289603	3794023.3553289603	3794023.3553289603	3794023.3553289603	3794023.3553289603	3794023.3553289603	3794023.3553289603	3794023.3553289603	3794023.3553289603	3794023.3553289603	3794023.3553289603	3794023.3553289603	3794023.3553289603	3794023.3553289603	3794023.3553289603	3794023.3553289603	3794023.3553289603	3794023.3553289603	3794023.3553289603	3794023.3553289603	3794023.3553289603	3794023.3553289603	3794023.3553289603
