# nr. of temperatures
30
# temperature: T [K]
0.1	0.1407051521075909	0.19797939829620287	0.2785672135143655	0.3919674467773565	0.5515183922003198	0.7760147926467996	1.0918927943710854	1.5363494171716603	2.1617227843354705	3.041655331843673	4.279864307642275	6.021989584066555	8.473249604164126	11.923396878859664	16.776447418366455	23.60478233180577	33.212380132514596	46.730453963151	65.75064234749982	92.51241112525517	130.16673155792645	183.1892564953743	257.75078699705375	362.6602862448875	510.2699578594392	717.9595885446752	1010.182870544833	1421.3466164728295	1999.8618696327449
# type of calorimetry
0
# heat capacity C [J/K/m^3]
# C(T_0, a_0), C(T_0, a_1), C(T_0, a_2), ... 
# C(T_1, a_0), C(T_1, a_1), C(T_1, a_2), ... 
0.17812710105582782	0.17812710105582782	0.17812710105582782	0.17813120263112425	0.17813120263112425	0.17813120263112425	0.17813120263112425	0.17813120263112425	0.17813120263112425	0.17813120263112425	0.17813120263112425	0.17813120263112425	0.17813120263112425	0.17813120263112425	0.17813120263112425	0.17813120263112425	0.17813120263112425	0.17813120263112425	0.17813120263112425	0.17813120263112425	0.17813120263112425	0.17813120263112425	0.17813120263112425	0.17813120263112425	0.17813120263112425	0.17813120263112425	0.17813120263112425	0.17813120263112425	0.17813120263112425	0.17813120263112425	0.17813120263112425	0.17813120263112425	0.17813120263112425	0.17813120263112425	0.17813120263112425	0.17813120263112425	0.17813120263112425	0.17813120263112425	0.17813120263112425	0.17813120263112425	0.17813120263112425	0.17813120263112425	0.17813120263112425	0.17813120263112425	0.17813120263112425	0.17813120263112425	0.17813120263112425	0.17813120263112425	0.17813120263112425	0.17813120263112425	0.17813120263112425	0.17813120263112425	0.17813120263112425	0.17813120263112425	0.17813120263112425	0.17813120263112425	0.17813120263112425	0.17813120263112425	0.17813120263112425	0.17813120263112425	0.17813120263112425	0.17813120263112425	0.17813120263112425	0.17813120263112425	0.17813120263112425	0.17813120263112425	0.17813120263112425	0.17813120263112425	0.17813120263112425	0.17813120263112425	0.17813120263112425	0.17813120263112425	0.17813120263112425	0.17813120263112425	0.17813120263112425	0.17813120263112425	0.17813120263112425	0.17813120263112425	0.17813120263112425	0.17813120263112425	0.17813120263112425	0.17813120263112425	0.17813120263112425	0.17813120263112425	0.17813120263112425	0.17813120263112425	0.17813120263112425	0.17813120263112425	0.17813120263112425	0.17813120263112425	0.17813120263112425	0.17813120263112425	0.17813120263112425	0.17813120263112425	0.17813120263112425	0.17813120263112425	0.17813120263112425
1.1142945335917298	1.1142945335917298	1.1142945335917298	1.1142945335917298	1.1142945335917298	1.1142945335917298	1.1142945335917298	1.1142945335917298	1.1142945335917298	1.1142945335917298	1.1142945335917298	1.1142945335917298	1.1142945335917298	1.1142945335917298	1.1142945335917298	1.1142945335917298	1.1142945335917298	1.1142945335917298	1.1142945335917298	1.1142945335917298	1.1142945335917298	1.1142945335917298	1.1142945335917298	1.1142945335917298	1.1142945335917298	1.1142945335917298	1.1142945335917298	1.1142945335917298	1.1142945335917298	1.1142945335917298	1.1142945335917298	1.1142945335917298	1.1142945335917298	1.1142945335917298	1.1142945335917298	1.1142945335917298	1.1142945335917298	1.1142945335917298	1.1142945335917298	1.1142945335917298	1.1142945335917298	1.1142945335917298	1.1142945335917298	1.1142945335917298	1.1142945335917298	1.1142945335917298	1.1142945335917298	1.1142945335917298	1.1142945335917298	1.1142945335917298	1.1142945335917298	1.1142945335917298	1.1142945335917298	1.1142945335917298	1.1142945335917298	1.1142945335917298	1.1142945335917298	1.1142945335917298	1.1142945335917298	1.1142945335917298	1.1142945335917298	1.1142945335917298	1.1142945335917298	1.1142945335917298	1.1142945335917298	1.1142945335917298	1.1142945335917298	1.1142945335917298	1.1142945335917298	1.1142945335917298	1.1142945335917298	1.1142945335917298	1.1142945335917298	1.1142945335917298	1.1142945335917298	1.1142945335917298	1.1142945335917298	1.1142945335917298	1.1142945335917298	1.1142945335917298	1.1142945335917298	1.1142945335917298	1.1142945335917298	1.1142945335917298	1.1142945335917298	1.1142945335917298	1.1142945335917298	1.1142945335917298	1.1142945335917298	1.1142945335917298	1.1142945335917298	1.1142945335917298	1.1142945335917298	1.1142945335917298	1.1142945335917298	1.1142945335917298	1.1142945335917298
3.066196616010737	3.066196616010737	3.066196616010737	3.066196616010737	3.066196616010737	3.066196616010737	3.066196616010737	3.066196616010737	3.066196616010737	3.066196616010737	3.066196616010737	3.066196616010737	3.066196616010737	3.066196616010737	3.066196616010737	3.066196616010737	3.066196616010737	3.066196616010737	3.066196616010737	3.066196616010737	3.066196616010737	3.066196616010737	3.066196616010737	3.066196616010737	3.066196616010737	3.066196616010737	3.066196616010737	3.066196616010737	3.066196616010737	3.066196616010737	3.066196616010737	3.066196616010737	3.066196616010737	3.066196616010737	3.066196616010737	3.066196616010737	3.066196616010737	3.066196616010737	3.066196616010737	3.066196616010737	3.066196616010737	3.066196616010737	3.066196616010737	3.066196616010737	3.066196616010737	3.066196616010737	3.066196616010737	3.066196616010737	3.066196616010737	3.066196616010737	3.066196616010737	3.066196616010737	3.066196616010737	3.066196616010737	3.066196616010737	3.066196616010737	3.066196616010737	3.066196616010737	3.066196616010737	3.066196616010737	3.066196616010737	3.066196616010737	3.066196616010737	3.066196616010737	3.066196616010737	3.066196616010737	3.066196616010737	3.066196616010737	3.066196616010737	3.066196616010737	3.066196616010737	3.066196616010737	3.066196616010737	3.066196616010737	3.066196616010737	3.066196616010737	3.066196616010737	3.066196616010737	3.066196616010737	3.066196616010737	3.066196616010737	3.066196616010737	3.066196616010737	3.066196616010737	3.066196616010737	3.066196616010737	3.066196616010737	3.066196616010737	3.066196616010737	3.066196616010737	3.066196616010737	3.066196616010737	3.066196616010737	3.066196616010737	3.066196616010737	3.066196616010737	3.066196616010737
8.466423722659123	8.466423722659123	8.466423722659123	8.466423722659123	8.466423722659123	8.466423722659123	8.466423722659123	8.466423722659123	8.466423722659123	8.466423722659123	8.466423722659123	8.466423722659123	8.466423722659123	8.466423722659123	8.466423722659123	8.466423722659123	8.466423722659123	8.466423722659123	8.466423722659123	8.466423722659123	8.466423722659123	8.466423722659123	8.466423722659123	8.466423722659123	8.466423722659123	8.466423722659123	8.466423722659123	8.466423722659123	8.466423722659123	8.466423722659123	8.466423722659123	8.466423722659123	8.466423722659123	8.466423722659123	8.466423722659123	8.466423722659123	8.466423722659123	8.466423722659123	8.466423722659123	8.466423722659123	8.466423722659123	8.466423722659123	8.466423722659123	8.466423722659123	8.466423722659123	8.466423722659123	8.466423722659123	8.466423722659123	8.466423722659123	8.466423722659123	8.466423722659123	8.466423722659123	8.466423722659123	8.466423722659123	8.466423722659123	8.466423722659123	8.466423722659123	8.466423722659123	8.466423722659123	8.466423722659123	8.466423722659123	8.466423722659123	8.466423722659123	8.466423722659123	8.466423722659123	8.466423722659123	8.466423722659123	8.466423722659123	8.466423722659123	8.466423722659123	8.466423722659123	8.466423722659123	8.466423722659123	8.466423722659123	8.466423722659123	8.466423722659123	8.466423722659123	8.466423722659123	8.466423722659123	8.466423722659123	8.466423722659123	8.466423722659123	8.466423722659123	8.466423722659123	8.466423722659123	8.466423722659123	8.466423722659123	8.466423722659123	8.466423722659123	8.466423722659123	8.466423722659123	8.466423722659123	8.466423722659123	8.466423722659123	8.466423722659123	8.466423722659123	8.466423722659123
23.43149506594071	23.43149506594071	23.43149506594071	23.43149506594071	23.43149506594071	23.43149506594071	23.43149506594071	23.43149506594071	23.43149506594071	23.43149506594071	23.43149506594071	23.43149506594071	23.43149506594071	23.43149506594071	23.43149506594071	23.43149506594071	23.43149506594071	23.43149506594071	23.43149506594071	23.43149506594071	23.43149506594071	23.43149506594071	23.43149506594071	23.43149506594071	23.43149506594071	23.43149506594071	23.43149506594071	23.43149506594071	23.43149506594071	23.43149506594071	23.43149506594071	23.43149506594071	23.43149506594071	23.43149506594071	23.43149506594071	23.43149506594071	23.43149506594071	23.43149506594071	23.43149506594071	23.43149506594071	23.43149506594071	23.43149506594071	23.43149506594071	23.43149506594071	23.43149506594071	23.43149506594071	23.43149506594071	23.43149506594071	23.43149506594071	23.43149506594071	23.43149506594071	23.43149506594071	23.43149506594071	23.43149506594071	23.43149506594071	23.43149506594071	23.43149506594071	23.43149506594071	23.43149506594071	23.43149506594071	23.43149506594071	23.43149506594071	23.43149506594071	23.43149506594071	23.43149506594071	23.43149506594071	23.43149506594071	23.43149506594071	23.43149506594071	23.43149506594071	23.43149506594071	23.43149506594071	23.43149506594071	23.43149506594071	23.43149506594071	23.43149506594071	23.43149506594071	23.43149506594071	23.43149506594071	23.43149506594071	23.43149506594071	23.43149506594071	23.43149506594071	23.43149506594071	23.43149506594071	23.43149506594071	23.43149506594071	23.43149506594071	23.43149506594071	23.43149506594071	23.43149506594071	23.43149506594071	23.43149506594071	23.43149506594071	23.43149506594071	23.43149506594071	23.43149506594071
64.98303634842378	64.98303634842378	64.98303634842378	64.98303634842378	64.98303634842378	64.98303634842378	64.98303634842378	64.98303634842378	64.98303634842378	64.98303634842378	64.98303634842378	64.98303634842378	64.98303634842378	64.98303634842378	64.98303634842378	64.98303634842378	64.98303634842378	64.98303634842378	64.98303634842378	64.98303634842378	64.98303634842378	64.98303634842378	64.98303634842378	64.98303634842378	64.98303634842378	64.98303634842378	64.98303634842378	64.98303634842378	64.98303634842378	64.98303634842378	64.98303634842378	64.98303634842378	64.98303634842378	64.98303634842378	64.98303634842378	64.98303634842378	64.98303634842378	64.98303634842378	64.98303634842378	64.98303634842378	64.98303634842378	64.98303634842378	64.98303634842378	64.98303634842378	64.98303634842378	64.98303634842378	64.98303634842378	64.98303634842378	64.98303634842378	64.98303634842378	64.98303634842378	64.98303634842378	64.98303634842378	64.98303634842378	64.98303634842378	64.98303634842378	64.98303634842378	64.98303634842378	64.98303634842378	64.98303634842378	64.98303634842378	64.98303634842378	64.98303634842378	64.98303634842378	64.98303634842378	64.98303634842378	64.98303634842378	64.98303634842378	64.98303634842378	64.98303634842378	64.98303634842378	64.98303634842378	64.98303634842378	64.98303634842378	64.98303634842378	64.98303634842378	64.98303634842378	64.98303634842378	64.98303634842378	64.98303634842378	64.98303634842378	64.98303634842378	64.98303634842378	64.98303634842378	64.98303634842378	64.98303634842378	64.98303634842378	64.98303634842378	64.98303634842378	64.98303634842378	64.98303634842378	64.98303634842378	64.98303634842378	64.98303634842378	64.98303634842378	64.98303634842378	64.98303634842378
180.4263651664125	180.4263651664125	180.4263651664125	180.4263651664125	180.4263651664125	180.4263651664125	180.4263651664125	180.4263651664125	180.4263651664125	180.4263651664125	180.4263651664125	180.4263651664125	180.4263651664125	180.4263651664125	180.4263651664125	180.4263651664125	180.4263651664125	180.4263651664125	180.4263651664125	180.4263651664125	180.4263651664125	180.4263651664125	180.4263651664125	180.4263651664125	180.4263651664125	180.4263651664125	180.4263651664125	180.4263651664125	180.4263651664125	180.4263651664125	180.4263651664125	180.4263651664125	180.4263651664125	180.4263651664125	180.4263651664125	180.4263651664125	180.4263651664125	180.4263651664125	180.4263651664125	180.4263651664125	180.4263651664125	180.4263651664125	180.4263651664125	180.4263651664125	180.4263651664125	180.4263651664125	180.4263651664125	180.4263651664125	180.4263651664125	180.4263651664125	180.4263651664125	180.4263651664125	180.4263651664125	180.4263651664125	180.4263651664125	180.4263651664125	180.4263651664125	180.4263651664125	180.4263651664125	180.4263651664125	180.4263651664125	180.4263651664125	180.4263651664125	180.4263651664125	180.4263651664125	180.4263651664125	180.4263651664125	180.4263651664125	180.4263651664125	180.4263651664125	180.4263651664125	180.4263651664125	180.4263651664125	180.4263651664125	180.4263651664125	180.4263651664125	180.4263651664125	180.4263651664125	180.4263651664125	180.4263651664125	180.4263651664125	180.4263651664125	180.4263651664125	180.4263651664125	180.4263651664125	180.4263651664125	180.4263651664125	180.4263651664125	180.4263651664125	180.4263651664125	180.4263651664125	180.4263651664125	180.4263651664125	180.4263651664125	180.4263651664125	180.4263651664125	180.4263651664125
501.4180920308942	501.4180920308942	501.4180920308942	501.4180920308942	501.4180920308942	501.4180920308942	501.4180920308942	501.4180920308942	501.4180920308942	501.4180920308942	501.4180920308942	501.4180920308942	501.4180920308942	501.4180920308942	501.4180920308942	501.4180920308942	501.4180920308942	501.4180920308942	501.4180920308942	501.4180920308942	501.4180920308942	501.4180920308942	501.4180920308942	501.4180920308942	501.4180920308942	501.4180920308942	501.4180920308942	501.4180920308942	501.4180920308942	501.4180920308942	501.4180920308942	501.4180920308942	501.4180920308942	501.4180920308942	501.4180920308942	501.4180920308942	501.4180920308942	501.4180920308942	501.4180920308942	501.4180920308942	501.4180920308942	501.4180920308942	501.4180920308942	501.4180920308942	501.4180920308942	501.4180920308942	501.4180920308942	501.4180920308942	501.4180920308942	501.4180920308942	501.4180920308942	501.4180920308942	501.4180920308942	501.4180920308942	501.4180920308942	501.4180920308942	501.4180920308942	501.4180920308942	501.4180920308942	501.4180920308942	501.4180920308942	501.4180920308942	501.4180920308942	501.4180920308942	501.4180920308942	501.4180920308942	501.4180920308942	501.4180920308942	501.4180920308942	501.4180920308942	501.4180920308942	501.4180920308942	501.4180920308942	501.4180920308942	501.4180920308942	501.4180920308942	501.4180920308942	501.4180920308942	501.4180920308942	501.4180920308942	501.4180920308942	501.4180920308942	501.4180920308942	501.4180920308942	501.4180920308942	501.4180920308942	501.4180920308942	501.4180920308942	501.4180920308942	501.4180920308942	501.4180920308942	501.4180920308942	501.4180920308942	501.4180920308942	501.4180920308942	501.4180920308942	501.4180920308942
1394.4405388714608	1394.4405388714608	1394.4405388714608	1394.4405388714608	1394.4405388714608	1394.4405388714608	1394.4405388714608	1394.4405388714608	1394.4405388714608	1394.4405388714608	1394.4405388714608	1394.4405388714608	1394.4405388714608	1394.4405388714608	1394.4405388714608	1394.4405388714608	1394.4405388714608	1394.4405388714608	1394.4405388714608	1394.4405388714608	1394.4405388714608	1394.4405388714608	1394.4405388714608	1394.4405388714608	1394.4405388714608	1394.4405388714608	1394.4405388714608	1394.4405388714608	1394.4405388714608	1394.4405388714608	1394.4405388714608	1394.4405388714608	1394.4405388714608	1394.4405388714608	1394.4405388714608	1394.4405388714608	1394.4405388714608	1394.4405388714608	1394.4405388714608	1394.4405388714608	1394.4405388714608	1394.4405388714608	1394.4405388714608	1394.4405388714608	1394.4405388714608	1394.4405388714608	1394.4405388714608	1394.4405388714608	1394.4405388714608	1394.4405388714608	1394.4405388714608	1394.4405388714608	1394.4405388714608	1394.4405388714608	1394.4405388714608	1394.4405388714608	1394.4405388714608	1394.4405388714608	1394.4405388714608	1394.4405388714608	1394.4405388714608	1394.4405388714608	1394.4405388714608	1394.4405388714608	1394.4405388714608	1394.4405388714608	1394.4405388714608	1394.4405388714608	1394.4405388714608	1394.4405388714608	1394.4405388714608	1394.4405388714608	1394.4405388714608	1394.4405388714608	1394.4405388714608	1394.4405388714608	1394.4405388714608	1394.4405388714608	1394.4405388714608	1394.4405388714608	1394.4405388714608	1394.4405388714608	1394.4405388714608	1394.4405388714608	1394.4405388714608	1394.4405388714608	1394.4405388714608	1394.4405388714608	1394.4405388714608	1394.4405388714608	1394.4405388714608	1394.4405388714608	1394.4405388714608	1394.4405388714608	1394.4405388714608	1394.4405388714608	1394.4405388714608
3880.6100135486968	3880.6100135486968	3880.6100135486968	3880.6100135486968	3880.6100135486968	3880.6100135486968	3880.6100135486968	3880.6100135486968	3880.6100135486968	3880.6100135486968	3880.6100135486968	3880.6100135486968	3880.6100135486968	3880.6100135486968	3880.6100135486968	3880.6100135486968	3880.6100135486968	3880.6100135486968	3880.6100135486968	3880.6100135486968	3880.6100135486968	3880.6100135486968	3880.6100135486968	3880.6100135486968	3880.6100135486968	3880.6100135486968	3880.6100135486968	3880.6100135486968	3880.6100135486968	3880.6100135486968	3880.6100135486968	3880.6100135486968	3880.6100135486968	3880.6100135486968	3880.6100135486968	3880.6100135486968	3880.6100135486968	3880.6100135486968	3880.6100135486968	3880.6100135486968	3880.6100135486968	3880.6100135486968	3880.6100135486968	3880.6100135486968	3880.6100135486968	3880.6100135486968	3880.6100135486968	3880.6100135486968	3880.6100135486968	3880.6100135486968	3880.6100135486968	3880.6100135486968	3880.6100135486968	3880.6100135486968	3880.6100135486968	3880.6100135486968	3880.6100135486968	3880.6100135486968	3880.6100135486968	3880.6100135486968	3880.6100135486968	3880.6100135486968	3880.6100135486968	3880.6100135486968	3880.6100135486968	3880.6100135486968	3880.6100135486968	3880.6100135486968	3880.6100135486968	3880.6100135486968	3880.6100135486968	3880.6100135486968	3880.6100135486968	3880.6100135486968	3880.6100135486968	3880.6100135486968	3880.6100135486968	3880.6100135486968	3880.6100135486968	3880.6100135486968	3880.6100135486968	3880.6100135486968	3880.6100135486968	3880.6100135486968	3880.6100135486968	3880.6100135486968	3880.6100135486968	3880.6100135486968	3880.6100135486968	3880.6100135486968	3880.6100135486968	3880.6100135486968	3880.6100135486968	3880.6100135486968	3880.6100135486968	3880.6100135486968	3880.6100135486968
10799.409266631052	10799.409266631052	10799.409266631052	10799.409266631052	10799.409266631052	10799.409266631052	10799.409266631052	10799.409266631052	10799.409266631052	10799.409266631052	10799.409266631052	10799.409266631052	10799.409266631052	10799.409266631052	10799.409266631052	10799.409266631052	10799.409266631052	10799.409266631052	10799.409266631052	10799.409266631052	10799.409266631052	10799.409266631052	10799.409266631052	10799.409266631052	10799.409266631052	10799.409266631052	10799.409266631052	10799.409266631052	10799.409266631052	10799.409266631052	10799.409266631052	10799.409266631052	10799.409266631052	10799.409266631052	10799.409266631052	10799.409266631052	10799.409266631052	10799.409266631052	10799.409266631052	10799.409266631052	10799.409266631052	10799.409266631052	10799.409266631052	10799.409266631052	10799.409266631052	10799.409266631052	10799.409266631052	10799.409266631052	10799.409266631052	10799.409266631052	10799.409266631052	10799.409266631052	10799.409266631052	10799.409266631052	10799.409266631052	10799.409266631052	10799.409266631052	10799.409266631052	10799.409266631052	10799.409266631052	10799.409266631052	10799.409266631052	10799.409266631052	10799.409266631052	10799.409266631052	10799.409266631052	10799.409266631052	10799.409266631052	10799.409266631052	10799.409266631052	10799.409266631052	10799.409266631052	10799.409266631052	10799.409266631052	10799.409266631052	10799.409266631052	10799.409266631052	10799.409266631052	10799.409266631052	10799.409266631052	10799.409266631052	10799.409266631052	10799.409266631052	10799.409266631052	10799.409266631052	10799.409266631052	10799.409266631052	10799.409266631052	10799.409266631052	10799.409266631052	10799.409266631052	10799.409266631052	10799.409266631052	10799.409266631052	10799.409266631052	10799.409266631052	10799.409266631052
30067.68556972185	30067.68556972185	30067.68556972185	30067.68556972185	30067.68556972185	30067.68556972185	30067.68556972185	30067.68556972185	30067.68556972185	30067.68556972185	30067.68556972185	30067.68556972185	30067.68556972185	30067.68556972185	30067.68556972185	30067.68556972185	30067.68556972185	30067.68556972185	30067.68556972185	30067.68556972185	30067.68556972185	30067.68556972185	30067.68556972185	30067.68556972185	30067.68556972185	30067.68556972185	30067.68556972185	30067.68556972185	30067.68556972185	30067.68556972185	30067.68556972185	30067.68556972185	30067.68556972185	30067.68556972185	30067.68556972185	30067.68556972185	30067.68556972185	30067.68556972185	30067.68556972185	30067.68556972185	30067.68556972185	30067.68556972185	30067.68556972185	30067.68556972185	30067.68556972185	30067.68556972185	30067.68556972185	30067.68556972185	30067.68556972185	30067.68556972185	30067.68556972185	30067.68556972185	30067.68556972185	30067.68556972185	30067.68556972185	30067.68556972185	30067.68556972185	30067.68556972185	30067.68556972185	30067.68556972185	30067.68556972185	30067.68556972185	30067.68556972185	30067.68556972185	30067.68556972185	30067.68556972185	30067.68556972185	30067.68556972185	30067.68556972185	30067.68556972185	30067.68556972185	30067.68556972185	30067.68556972185	30067.68556972185	30067.68556972185	30067.68556972185	30067.68556972185	30067.68556972185	30067.68556972185	30067.68556972185	30067.68556972185	30067.68556972185	30067.68556972185	30067.68556972185	30067.68556972185	30067.68556972185	30067.68556972185	30067.68556972185	30067.68556972185	30067.68556972185	30067.68556972185	30067.68556972185	30067.68556972185	30067.68556972185	30067.68556972185	30067.68556972185	30067.68556972185
83733.64560836565	83733.64560836565	83733.64560836565	83733.64560836565	83733.64560836565	83733.64560836565	83733.64560836565	83733.64560836565	83733.64560836565	83733.64560836565	83733.64560836565	83733.64560836565	83733.64560836565	83733.64560836565	83733.64560836565	83733.64560836565	83733.64560836565	83733.64560836565	83733.64560836565	83733.64560836565	83733.64560836565	83733.64560836565	83733.64560836565	83733.64560836565	83733.64560836565	83733.64560836565	83733.64560836565	83733.64560836565	83733.64560836565	83733.64560836565	83733.64560836565	83733.64560836565	83733.64560836565	83733.64560836565	83733.64560836565	83733.64560836565	83733.64560836565	83733.64560836565	83733.64560836565	83733.64560836565	83733.64560836565	83733.64560836565	83733.64560836565	83733.64560836565	83733.64560836565	83733.64560836565	83733.64560836565	83733.64560836565	83733.64560836565	83733.64560836565	83733.64560836565	83733.64560836565	83733.64560836565	83733.64560836565	83733.64560836565	83733.64560836565	83733.64560836565	83733.64560836565	83733.64560836565	83733.64560836565	83733.64560836565	83733.64560836565	83733.64560836565	83733.64560836565	83733.64560836565	83733.64560836565	83733.64560836565	83733.64560836565	83733.64560836565	83733.64560836565	83733.64560836565	83733.64560836565	83733.64560836565	83733.64560836565	83733.64560836565	83733.64560836565	83733.64560836565	83733.64560836565	83733.64560836565	83733.64560836565	83733.64560836565	83733.64560836565	83733.64560836565	83733.64560836565	83733.64560836565	83733.64560836565	83733.64560836565	83733.64560836565	83733.64560836565	83733.64560836565	83733.64560836565	83733.64560836565	83733.64560836565	83733.64560836565	83733.64560836565	83733.64560836565	83733.64560836565
171553.66477283466	171553.66477283466	171553.66477283466	171553.66477283466	171553.66477283466	171553.66477283466	171553.66477283466	171553.66477283466	171553.66477283466	171553.66477283466	171553.66477283466	171553.66477283466	171553.66477283466	171553.66477283466	171553.66477283466	171553.66477283466	171553.66477283466	171553.66477283466	171553.66477283466	171553.66477283466	171553.66477283466	171553.66477283466	171553.66477283466	171553.66477283466	171553.66477283466	171553.66477283466	171553.66477283466	171553.66477283466	171553.66477283466	171553.66477283466	171553.66477283466	171553.66477283466	171553.66477283466	171553.66477283466	171553.66477283466	171553.66477283466	171553.66477283466	171553.66477283466	171553.66477283466	171553.66477283466	171553.66477283466	171553.66477283466	171553.66477283466	171553.66477283466	171553.66477283466	171553.66477283466	171553.66477283466	171553.66477283466	171553.66477283466	171553.66477283466	171553.66477283466	171553.66477283466	171553.66477283466	171553.66477283466	171553.66477283466	171553.66477283466	171553.66477283466	171553.66477283466	171553.66477283466	171553.66477283466	171553.66477283466	171553.66477283466	171553.66477283466	171553.66477283466	171553.66477283466	171553.66477283466	171553.66477283466	171553.66477283466	171553.66477283466	171553.66477283466	171553.66477283466	171553.66477283466	171553.66477283466	171553.66477283466	171553.66477283466	171553.66477283466	171553.66477283466	171553.66477283466	171553.66477283466	171553.66477283466	171553.66477283466	171553.66477283466	171553.66477283466	171553.66477283466	171553.66477283466	171553.66477283466	171553.66477283466	171553.66477283466	171553.66477283466	171553.66477283466	171553.66477283466	171553.66477283466	171553.66477283466	171553.66477283466	171553.66477283466	171553.66477283466	171553.66477283466
233292.0825560104	233292.0825560104	233292.0825560104	233292.0825560104	233292.0825560104	233292.0825560104	233292.0825560104	233292.0825560104	233292.0825560104	233292.0825560104	233292.0825560104	233292.0825560104	233292.0825560104	233292.0825560104	233292.0825560104	233292.0825560104	233292.0825560104	233292.0825560104	233292.0825560104	233292.0825560104	233292.0825560104	233292.0825560104	233292.0825560104	233292.0825560104	233292.0825560104	233292.0825560104	233292.0825560104	233292.0825560104	233292.0825560104	233292.0825560104	233292.0825560104	233292.0825560104	233292.0825560104	233292.0825560104	233292.0825560104	233292.0825560104	233292.0825560104	233292.0825560104	233292.0825560104	233292.0825560104	233292.0825560104	233292.0825560104	233292.0825560104	233292.0825560104	233292.0825560104	233292.0825560104	233292.0825560104	233292.0825560104	233292.0825560104	233292.0825560104	233292.0825560104	233292.0825560104	233292.0825560104	233292.0825560104	233292.0825560104	233292.0825560104	233292.0825560104	233292.0825560104	233292.0825560104	233292.0825560104	233292.0825560104	233292.0825560104	233292.0825560104	233292.0825560104	233292.0825560104	233292.0825560104	233292.0825560104	233292.0825560104	233292.0825560104	233292.0825560104	233292.0825560104	233292.0825560104	233292.0825560104	233292.0825560104	233292.0825560104	233292.0825560104	233292.0825560104	233292.0825560104	233292.0825560104	233292.0825560104	233292.0825560104	233292.0825560104	233292.0825560104	233292.0825560104	233292.0825560104	233292.0825560104	233292.0825560104	233292.0825560104	233292.0825560104	233292.0825560104	233292.0825560104	233292.0825560104	233292.0825560104	233292.0825560104	233292.0825560104	233292.0825560104	233292.0825560104
287210.29297978315	287210.29297978315	287210.29297978315	287210.29297978315	287210.29297978315	287210.29297978315	287210.29297978315	287210.29297978315	287210.29297978315	287210.29297978315	287210.29297978315	287210.29297978315	287210.29297978315	287210.29297978315	287210.29297978315	287210.29297978315	287210.29297978315	287210.29297978315	287210.29297978315	287210.29297978315	287210.29297978315	287210.29297978315	287210.29297978315	287210.29297978315	287210.29297978315	287210.29297978315	287210.29297978315	287210.29297978315	287210.29297978315	287210.29297978315	287210.29297978315	287210.29297978315	287210.29297978315	287210.29297978315	287210.29297978315	287210.29297978315	287210.29297978315	287210.29297978315	287210.29297978315	287210.29297978315	287210.29297978315	287210.29297978315	287210.29297978315	287210.29297978315	287210.29297978315	287210.29297978315	287210.29297978315	287210.29297978315	287210.29297978315	287210.29297978315	287210.29297978315	287210.29297978315	287210.29297978315	287210.29297978315	287210.29297978315	287210.29297978315	287210.29297978315	287210.29297978315	287210.29297978315	287210.29297978315	287210.29297978315	287210.29297978315	287210.29297978315	287210.29297978315	287210.29297978315	287210.29297978315	287210.29297978315	287210.29297978315	287210.29297978315	287210.29297978315	287210.29297978315	287210.29297978315	287210.29297978315	287210.29297978315	287210.29297978315	287210.29297978315	287210.29297978315	287210.29297978315	287210.29297978315	287210.29297978315	287210.29297978315	287210.29297978315	287210.29297978315	287210.29297978315	287210.29297978315	287210.29297978315	287210.29297978315	287210.29297978315	287210.29297978315	287210.29297978315	287210.29297978315	287210.29297978315	287210.29297978315	287210.29297978315	287210.29297978315	287210.29297978315	287210.29297978315
404482.7453799999	404482.7453799999	404482.7453799999	404482.7453799999	404482.7453799999	404482.7453799999	404482.7453799999	404482.7453799999	404482.7453799999	404482.7453799999	404482.7453799999	404482.7453799999	404482.7453799999	404482.7453799999	404482.7453799999	404482.7453799999	404482.7453799999	404482.7453799999	404482.7453799999	404482.7453799999	404482.7453799999	404482.7453799999	404482.7453799999	404482.7453799999	404482.7453799999	404482.7453799999	404482.7453799999	404482.7453799999	404482.7453799999	404482.7453799999	404482.7453799999	404482.7453799999	404482.7453799999	404482.7453799999	404482.7453799999	404482.7453799999	404482.7453799999	404482.7453799999	404482.7453799999	404482.7453799999	404482.7453799999	404482.7453799999	404482.7453799999	404482.7453799999	404482.7453799999	404482.7453799999	404482.7453799999	404482.7453799999	404482.7453799999	404482.7453799999	404482.7453799999	404482.7453799999	404482.7453799999	404482.7453799999	404482.7453799999	404482.7453799999	404482.7453799999	404482.7453799999	404482.7453799999	404482.7453799999	404482.7453799999	404482.7453799999	404482.7453799999	404482.7453799999	404482.7453799999	404482.7453799999	404482.7453799999	404482.7453799999	404482.7453799999	404482.7453799999	404482.7453799999	404482.7453799999	404482.7453799999	404482.7453799999	404482.7453799999	404482.7453799999	404482.7453799999	404482.7453799999	404482.7453799999	404482.7453799999	404482.7453799999	404482.7453799999	404482.7453799999	404482.7453799999	404482.7453799999	404482.7453799999	404482.7453799999	404482.7453799999	404482.7453799999	404482.7453799999	404482.7453799999	404482.7453799999	404482.7453799999	404482.7453799999	404482.7453799999	404482.7453799999	404482.7453799999
569901.7623797427	569901.7623797427	569901.7623797427	569901.7623797427	569901.7623797427	569901.7623797427	569901.7623797427	569901.7623797427	569901.7623797427	569901.7623797427	569901.7623797427	569901.7623797427	569901.7623797427	569901.7623797427	569901.7623797427	569901.7623797427	569901.7623797427	569901.7623797427	569901.7623797427	569901.7623797427	569901.7623797427	569901.7623797427	569901.7623797427	569901.7623797427	569901.7623797427	569901.7623797427	569901.7623797427	569901.7623797427	569901.7623797427	569901.7623797427	569901.7623797427	569901.7623797427	569901.7623797427	569901.7623797427	569901.7623797427	569901.7623797427	569901.7623797427	569901.7623797427	569901.7623797427	569901.7623797427	569901.7623797427	569901.7623797427	569901.7623797427	569901.7623797427	569901.7623797427	569901.7623797427	569901.7623797427	569901.7623797427	569901.7623797427	569901.7623797427	569901.7623797427	569901.7623797427	569901.7623797427	569901.7623797427	569901.7623797427	569901.7623797427	569901.7623797427	569901.7623797427	569901.7623797427	569901.7623797427	569901.7623797427	569901.7623797427	569901.7623797427	569901.7623797427	569901.7623797427	569901.7623797427	569901.7623797427	569901.7623797427	569901.7623797427	569901.7623797427	569901.7623797427	569901.7623797427	569901.7623797427	569901.7623797427	569901.7623797427	569901.7623797427	569901.7623797427	569901.7623797427	569901.7623797427	569901.7623797427	569901.7623797427	569901.7623797427	569901.7623797427	569901.7623797427	569901.7623797427	569901.7623797427	569901.7623797427	569901.7623797427	569901.7623797427	569901.7623797427	569901.7623797427	569901.7623797427	569901.7623797427	569901.7623797427	569901.7623797427	569901.7623797427	569901.7623797427
803341.1247579722	803341.1247579722	803341.1247579722	803341.1247579722	803341.1247579722	803341.1247579722	803341.1247579722	803341.1247579722	803341.1247579722	803341.1247579722	803341.1247579722	803341.1247579722	803341.1247579722	803341.1247579722	803341.1247579722	803341.1247579722	803341.1247579722	803341.1247579722	803341.1247579722	803341.1247579722	803341.1247579722	803341.1247579722	803341.1247579722	803341.1247579722	803341.1247579722	803341.1247579722	803341.1247579722	803341.1247579722	803341.1247579722	803341.1247579722	803341.1247579722	803341.1247579722	803341.1247579722	803341.1247579722	803341.1247579722	803341.1247579722	803341.1247579722	803341.1247579722	803341.1247579722	803341.1247579722	803341.1247579722	803341.1247579722	803341.1247579722	803341.1247579722	803341.1247579722	803341.1247579722	803341.1247579722	803341.1247579722	803341.1247579722	803341.1247579722	803341.1247579722	803341.1247579722	803341.1247579722	803341.1247579722	803341.1247579722	803341.1247579722	803341.1247579722	803341.1247579722	803341.1247579722	803341.1247579722	803341.1247579722	803341.1247579722	803341.1247579722	803341.1247579722	803341.1247579722	803341.1247579722	803341.1247579722	803341.1247579722	803341.1247579722	803341.1247579722	803341.1247579722	803341.1247579722	803341.1247579722	803341.1247579722	803341.1247579722	803341.1247579722	803341.1247579722	803341.1247579722	803341.1247579722	803341.1247579722	803341.1247579722	803341.1247579722	803341.1247579722	803341.1247579722	803341.1247579722	803341.1247579722	803341.1247579722	803341.1247579722	803341.1247579722	803341.1247579722	803341.1247579722	803341.1247579722	803341.1247579722	803341.1247579722	803341.1247579722	803341.1247579722	803341.1247579722
1133443.8229710348	1133443.8229710348	1133443.8229710348	1133443.8229710348	1133443.8229710348	1133443.8229710348	1133443.8229710348	1133443.8229710348	1133443.8229710348	1133443.8229710348	1133443.8229710348	1133443.8229710348	1133443.8229710348	1133443.8229710348	1133443.8229710348	1133443.8229710348	1133443.8229710348	1133443.8229710348	1133443.8229710348	1133443.8229710348	1133443.8229710348	1133443.8229710348	1133443.8229710348	1133443.8229710348	1133443.8229710348	1133443.8229710348	1133443.8229710348	1133443.8229710348	1133443.8229710348	1133443.8229710348	1133443.8229710348	1133443.8229710348	1133443.8229710348	1133443.8229710348	1133443.8229710348	1133443.8229710348	1133443.8229710348	1133443.8229710348	1133443.8229710348	1133443.8229710348	1133443.8229710348	1133443.8229710348	1133443.8229710348	1133443.8229710348	1133443.8229710348	1133443.8229710348	1133443.8229710348	1133443.8229710348	1133443.8229710348	1133443.8229710348	1133443.8229710348	1133443.8229710348	1133443.8229710348	1133443.8229710348	1133443.8229710348	1133443.8229710348	1133443.8229710348	1133443.8229710348	1133443.8229710348	1133443.8229710348	1133443.8229710348	1133443.8229710348	1133443.8229710348	1133443.8229710348	1133443.8229710348	1133443.8229710348	1133443.8229710348	1133443.8229710348	1133443.8229710348	1133443.8229710348	1133443.8229710348	1133443.8229710348	1133443.8229710348	1133443.8229710348	1133443.8229710348	1133443.8229710348	1133443.8229710348	1133443.8229710348	1133443.8229710348	1133443.8229710348	1133443.8229710348	1133443.8229710348	1133443.8229710348	1133443.8229710348	1133443.8229710348	1133443.8229710348	1133443.8229710348	1133443.8229710348	1133443.8229710348	1133443.8229710348	1133443.8229710348	1133443.8229710348	1133443.8229710348	1133443.8229710348	1133443.8229710348	1133443.8229710348	1133443.8229710348
1600294.8219489963	1600294.8219489963	1600294.8219489963	1600294.8219489963	1600294.8219489963	1600294.8219489963	1600294.8219489963	1600294.8219489963	1600294.8219489963	1600294.8219489963	1600294.8219489963	1600294.8219489963	1600294.8219489963	1600294.8219489963	1600294.8219489963	1600294.8219489963	1600294.8219489963	1600294.8219489963	1600294.8219489963	1600294.8219489963	1600294.8219489963	1600294.8219489963	1600294.8219489963	1600294.8219489963	1600294.8219489963	1600294.8219489963	1600294.8219489963	1600294.8219489963	1600294.8219489963	1600294.8219489963	1600294.8219489963	1600294.8219489963	1600294.8219489963	1600294.8219489963	1600294.8219489963	1600294.8219489963	1600294.8219489963	1600294.8219489963	1600294.8219489963	1600294.8219489963	1600294.8219489963	1600294.8219489963	1600294.8219489963	1600294.8219489963	1600294.8219489963	1600294.8219489963	1600294.8219489963	1600294.8219489963	1600294.8219489963	1600294.8219489963	1600294.8219489963	1600294.8219489963	1600294.8219489963	1600294.8219489963	1600294.8219489963	1600294.8219489963	1600294.8219489963	1600294.8219489963	1600294.8219489963	1600294.8219489963	1600294.8219489963	1600294.8219489963	1600294.8219489963	1600294.8219489963	1600294.8219489963	1600294.8219489963	1600294.8219489963	1600294.8219489963	1600294.8219489963	1600294.8219489963	1600294.8219489963	1600294.8219489963	1600294.8219489963	1600294.8219489963	1600294.8219489963	1600294.8219489963	1600294.8219489963	1600294.8219489963	1600294.8219489963	1600294.8219489963	1600294.8219489963	1600294.8219489963	1600294.8219489963	1600294.8219489963	1600294.8219489963	1600294.8219489963	1600294.8219489963	1600294.8219489963	1600294.8219489963	1600294.8219489963	1600294.8219489963	1600294.8219489963	1600294.8219489963	1600294.8219489963	1600294.8219489963	1600294.8219489963	1600294.8219489963
2259956.0844343742	2259956.0844343742	2259956.0844343742	2259956.0844343742	2259956.0844343742	2259956.0844343742	2259956.0844343742	2259956.0844343742	2259956.0844343742	2259956.0844343742	2259956.0844343742	2259956.0844343742	2259956.0844343742	2259956.0844343742	2259956.0844343742	2259956.0844343742	2259956.0844343742	2259956.0844343742	2259956.0844343742	2259956.0844343742	2259956.0844343742	2259956.0844343742	2259956.0844343742	2259956.0844343742	2259956.0844343742	2259956.0844343742	2259956.0844343742	2259956.0844343742	2259956.0844343742	2259956.0844343742	2259956.0844343742	2259956.0844343742	2259956.0844343742	2259956.0844343742	2259956.0844343742	2259956.0844343742	2259956.0844343742	2259956.0844343742	2259956.0844343742	2259956.0844343742	2259956.0844343742	2259956.0844343742	2259956.0844343742	2259956.0844343742	2259956.0844343742	2259956.0844343742	2259956.0844343742	2259956.0844343742	2259956.0844343742	2259956.0844343742	2259956.0844343742	2259956.0844343742	2259956.0844343742	2259956.0844343742	2259956.0844343742	2259956.0844343742	2259956.0844343742	2259956.0844343742	2259956.0844343742	2259956.0844343742	2259956.0844343742	2259956.0844343742	2259956.0844343742	2259956.0844343742	2259956.0844343742	2259956.0844343742	2259956.0844343742	2259956.0844343742	2259956.0844343742	2259956.0844343742	2259956.0844343742	2259956.0844343742	2259956.0844343742	2259956.0844343742	2259956.0844343742	2259956.0844343742	2259956.0844343742	2259956.0844343742	2259956.0844343742	2259956.0844343742	2259956.0844343742	2259956.0844343742	2259956.0844343742	2259956.0844343742	2259956.0844343742	2259956.0844343742	2259956.0844343742	2259956.0844343742	2259956.0844343742	2259956.0844343742	2259956.0844343742	2259956.0844343742	2259956.0844343742	2259956.0844343742	2259956.0844343742	2259956.0844343742	2259956.0844343742
3189333.980133181	3189333.980133181	3189333.980133181	3189333.980133181	3189333.980133181	3189333.980133181	3189333.980133181	3189333.980133181	3189333.980133181	3189333.980133181	3189333.980133181	3189333.980133181	3189333.980133181	3189333.980133181	3189333.980133181	3189333.980133181	3189333.980133181	3189333.980133181	3189333.980133181	3189333.980133181	3189333.980133181	3189333.980133181	3189333.980133181	3189333.980133181	3189333.980133181	3189333.980133181	3189333.980133181	3189333.980133181	3189333.980133181	3189333.980133181	3189333.980133181	3189333.980133181	3189333.980133181	3189333.980133181	3189333.980133181	3189333.980133181	3189333.980133181	3189333.980133181	3189333.980133181	3189333.980133181	3189333.980133181	3189333.980133181	3189333.980133181	3189333.980133181	3189333.980133181	3189333.980133181	3189333.980133181	3189333.980133181	3189333.980133181	3189333.980133181	3189333.980133181	3189333.980133181	3189333.980133181	3189333.980133181	3189333.980133181	3189333.980133181	3189333.980133181	3189333.980133181	3189333.980133181	3189333.980133181	3189333.980133181	3189333.980133181	3189333.980133181	3189333.980133181	3189333.980133181	3189333.980133181	3189333.980133181	3189333.980133181	3189333.980133181	3189333.980133181	3189333.980133181	3189333.980133181	3189333.980133181	3189333.980133181	3189333.980133181	3189333.980133181	3189333.980133181	3189333.980133181	3189333.980133181	3189333.980133181	3189333.980133181	3189333.980133181	3189333.980133181	3189333.980133181	3189333.980133181	3189333.980133181	3189333.980133181	3189333.980133181	3189333.980133181	3189333.980133181	3189333.980133181	3189333.980133181	3189333.980133181	3189333.980133181	3189333.980133181	3189333.980133181	3189333.980133181
4111497.211045221	4111497.211045221	4111497.211045221	4111497.211045221	4111497.211045221	4111497.211045221	4111497.211045221	4111497.211045221	4111497.211045221	4111497.211045221	4111497.211045221	4111497.211045221	4111497.211045221	4111497.211045221	4111497.211045221	4111497.211045221	4111497.211045221	4111497.211045221	4111497.211045221	4111497.211045221	4111497.211045221	4111497.211045221	4111497.211045221	4111497.211045221	4111497.211045221	4111497.211045221	4111497.211045221	4111497.211045221	4111497.211045221	4111497.211045221	4111497.211045221	4111497.211045221	4111497.211045221	4111497.211045221	4111497.211045221	4111497.211045221	4111497.211045221	4111497.211045221	4111497.211045221	4111497.211045221	4111497.211045221	4111497.211045221	4111497.211045221	4111497.211045221	4111497.211045221	4111497.211045221	4111497.211045221	4111497.211045221	4111497.211045221	4111497.211045221	4111497.211045221	4111497.211045221	4111497.211045221	4111497.211045221	4111497.211045221	4111497.211045221	4111497.211045221	4111497.211045221	4111497.211045221	4111497.211045221	4111497.211045221	4111497.211045221	4111497.211045221	4111497.211045221	4111497.211045221	4111497.211045221	4111497.211045221	4111497.211045221	4111497.211045221	4111497.211045221	4111497.211045221	4111497.211045221	4111497.211045221	4111497.211045221	4111497.211045221	4111497.211045221	4111497.211045221	4111497.211045221	4111497.211045221	4111497.211045221	4111497.211045221	4111497.211045221	4111497.211045221	4111497.211045221	4111497.211045221	4111497.211045221	4111497.211045221	4111497.211045221	4111497.211045221	4111497.211045221	4111497.211045221	4111497.211045221	4111497.211045221	4111497.211045221	4111497.211045221	4111497.211045221	4111497.211045221
4769798.141192211	4769798.141192211	4769798.141192211	4769798.141192211	4769798.141192211	4769798.141192211	4769798.141192211	4769798.141192211	4769798.141192211	4769798.141192211	4769798.141192211	4769798.141192211	4769798.141192211	4769798.141192211	4769798.141192211	4769798.141192211	4769798.141192211	4769798.141192211	4769798.141192211	4769798.141192211	4769798.141192211	4769798.141192211	4769798.141192211	4769798.141192211	4769798.141192211	4769798.141192211	4769798.141192211	4769798.141192211	4769798.141192211	4769798.141192211	4769798.141192211	4769798.141192211	4769798.141192211	4769798.141192211	4769798.141192211	4769798.141192211	4769798.141192211	4769798.141192211	4769798.141192211	4769798.141192211	4769798.141192211	4769798.141192211	4769798.141192211	4769798.141192211	4769798.141192211	4769798.141192211	4769798.141192211	4769798.141192211	4769798.141192211	4769798.141192211	4769798.141192211	4769798.141192211	4769798.141192211	4769798.141192211	4769798.141192211	4769798.141192211	4769798.141192211	4769798.141192211	4769798.141192211	4769798.141192211	4769798.141192211	4769798.141192211	4769798.141192211	4769798.141192211	4769798.141192211	4769798.141192211	4769798.141192211	4769798.141192211	4769798.141192211	4769798.141192211	4769798.141192211	4769798.141192211	4769798.141192211	4769798.141192211	4769798.141192211	4769798.141192211	4769798.141192211	4769798.141192211	4769798.141192211	4769798.141192211	4769798.141192211	4769798.141192211	4769798.141192211	4769798.141192211	4769798.141192211	4769798.141192211	4769798.141192211	4769798.141192211	4769798.141192211	4769798.141192211	4769798.141192211	4769798.141192211	4769798.141192211	4769798.141192211	4769798.141192211	4769798.141192211	4769798.141192211
5815673.277185141	5815673.277185141	5815673.277185141	5815673.277185141	5815673.277185141	5815673.277185141	5815673.277185141	5815673.277185141	5815673.277185141	5815673.277185141	5815673.277185141	5815673.277185141	5815673.277185141	5815673.277185141	5815673.277185141	5815673.277185141	5815673.277185141	5815673.277185141	5815673.277185141	5815673.277185141	5815673.277185141	5815673.277185141	5815673.277185141	5815673.277185141	5815673.277185141	5815673.277185141	5815673.277185141	5815673.277185141	5815673.277185141	5815673.277185141	5815673.277185141	5815673.277185141	5815673.277185141	5815673.277185141	5815673.277185141	5815673.277185141	5815673.277185141	5815673.277185141	5815673.277185141	5815673.277185141	5815673.277185141	5815673.277185141	5815673.277185141	5815673.277185141	5815673.277185141	5815673.277185141	5815673.277185141	5815673.277185141	5815673.277185141	5815673.277185141	5815673.277185141	5815673.277185141	5815673.277185141	5815673.277185141	5815673.277185141	5815673.277185141	5815673.277185141	5815673.277185141	5815673.277185141	5815673.277185141	5815673.277185141	5815673.277185141	5815673.277185141	5815673.277185141	5815673.277185141	5815673.277185141	5815673.277185141	5815673.277185141	5815673.277185141	5815673.277185141	5815673.277185141	5815673.277185141	5815673.277185141	5815673.277185141	5815673.277185141	5815673.277185141	5815673.277185141	5815673.277185141	5815673.277185141	5815673.277185141	5815673.277185141	5815673.277185141	5815673.277185141	5815673.277185141	5815673.277185141	5815673.277185141	5815673.277185141	5815673.277185141	5815673.277185141	5815673.277185141	5815673.277185141	5815673.277185141	5815673.277185141	5815673.277185141	5815673.277185141	5815673.277185141	5815673.277185141
7631325.887051026	7631325.887051026	7631325.887051026	7631325.887051026	7631325.887051026	7631325.887051026	7631325.887051026	7631325.887051026	7631325.887051026	7631325.887051026	7631325.887051026	7631325.887051026	7631325.887051026	7631325.887051026	7631325.887051026	7631325.887051026	7631325.887051026	7631325.887051026	7631325.887051026	7631325.887051026	7631325.887051026	7631325.887051026	7631325.887051026	7631325.887051026	7631325.887051026	7631325.887051026	7631325.887051026	7631325.887051026	7631325.887051026	7631325.887051026	7631325.887051026	7631325.887051026	7631325.887051026	7631325.887051026	7631325.887051026	7631325.887051026	7631325.887051026	7631325.887051026	7631325.887051026	7631325.887051026	7631325.887051026	7631325.887051026	7631325.887051026	7631325.887051026	7631325.887051026	7631325.887051026	7631325.887051026	7631325.887051026	7631325.887051026	7631325.887051026	7631325.887051026	7631325.887051026	7631325.887051026	7631325.887051026	7631325.887051026	7631325.887051026	7631325.887051026	7631325.887051026	7631325.887051026	7631325.887051026	7631325.887051026	7631325.887051026	7631325.887051026	7631325.887051026	7631325.887051026	7631325.887051026	7631325.887051026	7631325.887051026	7631325.887051026	7631325.887051026	7631325.887051026	7631325.887051026	7631325.887051026	7631325.887051026	7631325.887051026	7631325.887051026	7631325.887051026	7631325.887051026	7631325.887051026	7631325.887051026	7631325.887051026	7631325.887051026	7631325.887051026	7631325.887051026	7631325.887051026	7631325.887051026	7631325.887051026	7631325.887051026	7631325.887051026	7631325.887051026	7631325.887051026	7631325.887051026	7631325.887051026	7631325.887051026	7631325.887051026	7631325.887051026	7631325.887051026
10160147.19899765	10160147.19899765	10160147.19899765	10160147.19899765	10160147.19899765	10160147.19899765	10160147.19899765	10160147.19899765	10160147.19899765	10160147.19899765	10160147.19899765	10160147.19899765	10160147.19899765	10160147.19899765	10160147.19899765	10160147.19899765	10160147.19899765	10160147.19899765	10160147.19899765	10160147.19899765	10160147.19899765	10160147.19899765	10160147.19899765	10160147.19899765	10160147.19899765	10160147.19899765	10160147.19899765	10160147.19899765	10160147.19899765	10160147.19899765	10160147.19899765	10160147.19899765	10160147.19899765	10160147.19899765	10160147.19899765	10160147.19899765	10160147.19899765	10160147.19899765	10160147.19899765	10160147.19899765	10160147.19899765	10160147.19899765	10160147.19899765	10160147.19899765	10160147.19899765	10160147.19899765	10160147.19899765	10160147.19899765	10160147.19899765	10160147.19899765	10160147.19899765	10160147.19899765	10160147.19899765	10160147.19899765	10160147.19899765	10160147.19899765	10160147.19899765	10160147.19899765	10160147.19899765	10160147.19899765	10160147.19899765	10160147.19899765	10160147.19899765	10160147.19899765	10160147.19899765	10160147.19899765	10160147.19899765	10160147.19899765	10160147.19899765	10160147.19899765	10160147.19899765	10160147.19899765	10160147.19899765	10160147.19899765	10160147.19899765	10160147.19899765	10160147.19899765	10160147.19899765	10160147.19899765	10160147.19899765	10160147.19899765	10160147.19899765	10160147.19899765	10160147.19899765	10160147.19899765	10160147.19899765	10160147.19899765	10160147.19899765	10160147.19899765	10160147.19899765	10160147.19899765	10160147.19899765	10160147.19899765	10160147.19899765	10160147.19899765	10160147.19899765	10160147.19899765
13696197.186808022	13696197.186808022	13696197.186808022	13696197.186808022	13696197.186808022	13696197.186808022	13696197.186808022	13696197.186808022	13696197.186808022	13696197.186808022	13696197.186808022	13696197.186808022	13696197.186808022	13696197.186808022	13696197.186808022	13696197.186808022	13696197.186808022	13696197.186808022	13696197.186808022	13696197.186808022	13696197.186808022	13696197.186808022	13696197.186808022	13696197.186808022	13696197.186808022	13696197.186808022	13696197.186808022	13696197.186808022	13696197.186808022	13696197.186808022	13696197.186808022	13696197.186808022	13696197.186808022	13696197.186808022	13696197.186808022	13696197.186808022	13696197.186808022	13696197.186808022	13696197.186808022	13696197.186808022	13696197.186808022	13696197.186808022	13696197.186808022	13696197.186808022	13696197.186808022	13696197.186808022	13696197.186808022	13696197.186808022	13696197.186808022	13696197.186808022	13696197.186808022	13696197.186808022	13696197.186808022	13696197.186808022	13696197.186808022	13696197.186808022	13696197.186808022	13696197.186808022	13696197.186808022	13696197.186808022	13696197.186808022	13696197.186808022	13696197.186808022	13696197.186808022	13696197.186808022	13696197.186808022	13696197.186808022	13696197.186808022	13696197.186808022	13696197.186808022	13696197.186808022	13696197.186808022	13696197.186808022	13696197.186808022	13696197.186808022	13696197.186808022	13696197.186808022	13696197.186808022	13696197.186808022	13696197.186808022	13696197.186808022	13696197.186808022	13696197.186808022	13696197.186808022	13696197.186808022	13696197.186808022	13696197.186808022	13696197.186808022	13696197.186808022	13696197.186808022	13696197.186808022	13696197.186808022	13696197.186808022	13696197.186808022	13696197.186808022	13696197.186808022	13696197.186808022
18655203.891005937	18655203.891005937	18655203.891005937	18655203.891005937	18655203.891005937	18655203.891005937	18655203.891005937	18655203.891005937	18655203.891005937	18655203.891005937	18655203.891005937	18655203.891005937	18655203.891005937	18655203.891005937	18655203.891005937	18655203.891005937	18655203.891005937	18655203.891005937	18655203.891005937	18655203.891005937	18655203.891005937	18655203.891005937	18655203.891005937	18655203.891005937	18655203.891005937	18655203.891005937	18655203.891005937	18655203.891005937	18655203.891005937	18655203.891005937	18655203.891005937	18655203.891005937	18655203.891005937	18655203.891005937	18655203.891005937	18655203.891005937	18655203.891005937	18655203.891005937	18655203.891005937	18655203.891005937	18655203.891005937	18655203.891005937	18655203.891005937	18655203.891005937	18655203.891005937	18655203.891005937	18655203.891005937	18655203.891005937	18655203.891005937	18655203.891005937	18655203.891005937	18655203.891005937	18655203.891005937	18655203.891005937	18655203.891005937	18655203.891005937	18655203.891005937	18655203.891005937	18655203.891005937	18655203.891005937	18655203.891005937	18655203.891005937	18655203.891005937	18655203.891005937	18655203.891005937	18655203.891005937	18655203.891005937	18655203.891005937	18655203.891005937	18655203.891005937	18655203.891005937	18655203.891005937	18655203.891005937	18655203.891005937	18655203.891005937	18655203.891005937	18655203.891005937	18655203.891005937	18655203.891005937	18655203.891005937	18655203.891005937	18655203.891005937	18655203.891005937	18655203.891005937	18655203.891005937	18655203.891005937	18655203.891005937	18655203.891005937	18655203.891005937	18655203.891005937	18655203.891005937	18655203.891005937	18655203.891005937	18655203.891005937	18655203.891005937	18655203.891005937	18655203.891005937
