# nr. of temperatures
30
# temperature: T [K]
0.1	0.1407051521075909	0.19797939829620287	0.2785672135143655	0.3919674467773565	0.5515183922003198	0.7760147926467996	1.0918927943710854	1.5363494171716603	2.1617227843354705	3.041655331843673	4.279864307642275	6.021989584066555	8.473249604164126	11.923396878859664	16.776447418366455	23.60478233180577	33.212380132514596	46.730453963151	65.75064234749982	92.51241112525517	130.16673155792645	183.1892564953743	257.75078699705375	362.6602862448875	510.2699578594392	717.9595885446752	1010.182870544833	1421.3466164728295	1999.8618696327449
# type of calorimetry
0
# heat capacity C [J/K/m^3]
# C(T_0, a_0), C(T_0, a_1), C(T_0, a_2), ... 
# C(T_1, a_0), C(T_1, a_1), C(T_1, a_2), ... 
0.9006374464999424	0.9006581846822835	0.9006581846822835	0.9006581846822835	0.9006789233421448	0.9006789233421448	0.9006789233421448	0.9006789233421448	0.9006789233421448	0.9006789233421448	0.9006789233421448	0.9006789233421448	0.9006789233421448	0.9006789233421448	0.9006789233421448	0.9006789233421448	0.9006789233421448	0.9006789233421448	0.9006789233421448	0.9006789233421448	0.9006789233421448	0.9006789233421448	0.9006789233421448	0.9006789233421448	0.9006789233421448	0.9006789233421448	0.9006789233421448	0.9006789233421448	0.9006789233421448	0.9006789233421448	0.9006789233421448	0.9006789233421448	0.9006789233421448	0.9006789233421448	0.9006789233421448	0.9006789233421448	0.9006789233421448	0.9006789233421448	0.9006789233421448	0.9006789233421448	0.9006789233421448	0.9006789233421448	0.9006789233421448	0.9006789233421448	0.9006789233421448	0.9006789233421448	0.9006789233421448	0.9006789233421448	0.9006789233421448	0.9006789233421448	0.9006789233421448	0.9006789233421448	0.9006789233421448	0.9006789233421448	0.9006789233421448	0.9006789233421448	0.9006789233421448	0.9006789233421448	0.9006789233421448	0.9006789233421448	0.9006789233421448	0.9006789233421448	0.9006789233421448	0.9006789233421448	0.9006789233421448	0.9006789233421448	0.9006789233421448	0.9006789233421448	0.9006789233421448	0.9006789233421448	0.9006789233421448	0.9006789233421448	0.9006789233421448	0.9006789233421448	0.9006789233421448	0.9006789233421448	0.9006789233421448	0.9006789233421448	0.9006789233421448	0.9006789233421448	0.9006789233421448	0.9006789233421448	0.9006789233421448	0.9006789233421448	0.9006789233421448	0.9006789233421448	0.9006789233421448	0.9006789233421448	0.9006789233421448	0.9006789233421448	0.9006789233421448	0.9006789233421448	0.9006789233421448	0.9006789233421448	0.9006789233421448	0.9006789233421448	0.9006789233421448
2.156254406807192	2.156254406807192	2.156254406807192	2.156254406807192	2.156254406807192	2.156254406807192	2.156254406807192	2.156254406807192	2.156254406807192	2.156254406807192	2.156254406807192	2.156254406807192	2.156254406807192	2.156254406807192	2.156254406807192	2.156254406807192	2.156254406807192	2.156254406807192	2.156254406807192	2.156254406807192	2.156254406807192	2.156254406807192	2.156254406807192	2.156254406807192	2.156254406807192	2.156254406807192	2.156254406807192	2.156254406807192	2.156254406807192	2.156254406807192	2.156254406807192	2.156254406807192	2.156254406807192	2.156254406807192	2.156254406807192	2.156254406807192	2.156254406807192	2.156254406807192	2.156254406807192	2.156254406807192	2.156254406807192	2.156254406807192	2.156254406807192	2.156254406807192	2.156254406807192	2.156254406807192	2.156254406807192	2.156254406807192	2.156254406807192	2.156254406807192	2.156254406807192	2.156254406807192	2.156254406807192	2.156254406807192	2.156254406807192	2.156254406807192	2.156254406807192	2.156254406807192	2.156254406807192	2.156254406807192	2.156254406807192	2.156254406807192	2.156254406807192	2.156254406807192	2.156254406807192	2.156254406807192	2.156254406807192	2.156254406807192	2.156254406807192	2.156254406807192	2.156254406807192	2.156254406807192	2.156254406807192	2.156254406807192	2.156254406807192	2.156254406807192	2.156254406807192	2.156254406807192	2.156254406807192	2.156254406807192	2.156254406807192	2.156254406807192	2.156254406807192	2.156254406807192	2.156254406807192	2.156254406807192	2.156254406807192	2.156254406807192	2.156254406807192	2.156254406807192	2.156254406807192	2.156254406807192	2.156254406807192	2.156254406807192	2.156254406807192	2.156254406807192	2.156254406807192
4.292398159704708	4.292398159704708	4.292398159704708	4.292398159704708	4.292398159704708	4.292398159704708	4.292398159704708	4.292398159704708	4.292398159704708	4.292398159704708	4.292398159704708	4.292398159704708	4.292398159704708	4.292398159704708	4.292398159704708	4.292398159704708	4.292398159704708	4.292398159704708	4.292398159704708	4.292398159704708	4.292398159704708	4.292398159704708	4.292398159704708	4.292398159704708	4.292398159704708	4.292398159704708	4.292398159704708	4.292398159704708	4.292398159704708	4.292398159704708	4.292398159704708	4.292398159704708	4.292398159704708	4.292398159704708	4.292398159704708	4.292398159704708	4.292398159704708	4.292398159704708	4.292398159704708	4.292398159704708	4.292398159704708	4.292398159704708	4.292398159704708	4.292398159704708	4.292398159704708	4.292398159704708	4.292398159704708	4.292398159704708	4.292398159704708	4.292398159704708	4.292398159704708	4.292398159704708	4.292398159704708	4.292398159704708	4.292398159704708	4.292398159704708	4.292398159704708	4.292398159704708	4.292398159704708	4.292398159704708	4.292398159704708	4.292398159704708	4.292398159704708	4.292398159704708	4.292398159704708	4.292398159704708	4.292398159704708	4.292398159704708	4.292398159704708	4.292398159704708	4.292398159704708	4.292398159704708	4.292398159704708	4.292398159704708	4.292398159704708	4.292398159704708	4.292398159704708	4.292398159704708	4.292398159704708	4.292398159704708	4.292398159704708	4.292398159704708	4.292398159704708	4.292398159704708	4.292398159704708	4.292398159704708	4.292398159704708	4.292398159704708	4.292398159704708	4.292398159704708	4.292398159704708	4.292398159704708	4.292398159704708	4.292398159704708	4.292398159704708	4.292398159704708	4.292398159704708
8.562488476063553	8.562488476063553	8.562488476063553	8.562488476063553	8.562488476063553	8.562488476063553	8.562488476063553	8.562488476063553	8.562488476063553	8.562488476063553	8.562488476063553	8.562488476063553	8.562488476063553	8.562488476063553	8.562488476063553	8.562488476063553	8.562488476063553	8.562488476063553	8.562488476063553	8.562488476063553	8.562488476063553	8.562488476063553	8.562488476063553	8.562488476063553	8.562488476063553	8.562488476063553	8.562488476063553	8.562488476063553	8.562488476063553	8.562488476063553	8.562488476063553	8.562488476063553	8.562488476063553	8.562488476063553	8.562488476063553	8.562488476063553	8.562488476063553	8.562488476063553	8.562488476063553	8.562488476063553	8.562488476063553	8.562488476063553	8.562488476063553	8.562488476063553	8.562488476063553	8.562488476063553	8.562488476063553	8.562488476063553	8.562488476063553	8.562488476063553	8.562488476063553	8.562488476063553	8.562488476063553	8.562488476063553	8.562488476063553	8.562488476063553	8.562488476063553	8.562488476063553	8.562488476063553	8.562488476063553	8.562488476063553	8.562488476063553	8.562488476063553	8.562488476063553	8.562488476063553	8.562488476063553	8.562488476063553	8.562488476063553	8.562488476063553	8.562488476063553	8.562488476063553	8.562488476063553	8.562488476063553	8.562488476063553	8.562488476063553	8.562488476063553	8.562488476063553	8.562488476063553	8.562488476063553	8.562488476063553	8.562488476063553	8.562488476063553	8.562488476063553	8.562488476063553	8.562488476063553	8.562488476063553	8.562488476063553	8.562488476063553	8.562488476063553	8.562488476063553	8.562488476063553	8.562488476063553	8.562488476063553	8.562488476063553	8.562488476063553	8.562488476063553	8.562488476063553
17.131681827158104	17.135626996864442	17.135626996864442	17.135626996864442	17.135626996864442	17.135626996864442	17.135626996864442	17.135626996864442	17.135626996864442	17.135626996864442	17.135626996864442	17.135626996864442	17.135626996864442	17.135626996864442	17.135626996864442	17.135626996864442	17.135626996864442	17.135626996864442	17.135626996864442	17.135626996864442	17.135626996864442	17.135626996864442	17.135626996864442	17.135626996864442	17.135626996864442	17.135626996864442	17.135626996864442	17.135626996864442	17.135626996864442	17.135626996864442	17.135626996864442	17.135626996864442	17.135626996864442	17.135626996864442	17.135626996864442	17.135626996864442	17.135626996864442	17.135626996864442	17.135626996864442	17.135626996864442	17.135626996864442	17.135626996864442	17.135626996864442	17.135626996864442	17.135626996864442	17.135626996864442	17.135626996864442	17.135626996864442	17.135626996864442	17.135626996864442	17.135626996864442	17.135626996864442	17.135626996864442	17.135626996864442	17.135626996864442	17.135626996864442	17.135626996864442	17.135626996864442	17.135626996864442	17.135626996864442	17.135626996864442	17.135626996864442	17.135626996864442	17.135626996864442	17.135626996864442	17.135626996864442	17.135626996864442	17.135626996864442	17.135626996864442	17.135626996864442	17.135626996864442	17.135626996864442	17.135626996864442	17.135626996864442	17.135626996864442	17.135626996864442	17.135626996864442	17.135626996864442	17.135626996864442	17.135626996864442	17.135626996864442	17.135626996864442	17.135626996864442	17.135626996864442	17.135626996864442	17.135626996864442	17.135626996864442	17.135626996864442	17.135626996864442	17.135626996864442	17.135626996864442	17.135626996864442	17.135626996864442	17.135626996864442	17.135626996864442	17.135626996864442	17.135626996864442
34.42706503894443	34.42706503894443	34.42706503894443	34.42706503894443	34.42706503894443	34.42706503894443	34.42706503894443	34.42706503894443	34.42706503894443	34.42706503894443	34.42706503894443	34.42706503894443	34.42706503894443	34.42706503894443	34.42706503894443	34.42706503894443	34.42706503894443	34.42706503894443	34.42706503894443	34.42706503894443	34.42706503894443	34.42706503894443	34.42706503894443	34.42706503894443	34.42706503894443	34.42706503894443	34.42706503894443	34.42706503894443	34.42706503894443	34.42706503894443	34.42706503894443	34.42706503894443	34.42706503894443	34.42706503894443	34.42706503894443	34.42706503894443	34.42706503894443	34.42706503894443	34.42706503894443	34.42706503894443	34.42706503894443	34.42706503894443	34.42706503894443	34.42706503894443	34.42706503894443	34.42706503894443	34.42706503894443	34.42706503894443	34.42706503894443	34.42706503894443	34.42706503894443	34.42706503894443	34.42706503894443	34.42706503894443	34.42706503894443	34.42706503894443	34.42706503894443	34.42706503894443	34.42706503894443	34.42706503894443	34.42706503894443	34.42706503894443	34.42706503894443	34.42706503894443	34.42706503894443	34.42706503894443	34.42706503894443	34.42706503894443	34.42706503894443	34.42706503894443	34.42706503894443	34.42706503894443	34.42706503894443	34.42706503894443	34.42706503894443	34.42706503894443	34.42706503894443	34.42706503894443	34.42706503894443	34.42706503894443	34.42706503894443	34.42706503894443	34.42706503894443	34.42706503894443	34.42706503894443	34.42706503894443	34.42706503894443	34.42706503894443	34.42706503894443	34.42706503894443	34.42706503894443	34.42706503894443	34.42706503894443	34.42706503894443	34.42706503894443	34.42706503894443	34.42706503894443
69.5664753528352	69.5664753528352	69.5664753528352	69.5664753528352	69.5664753528352	69.5664753528352	69.5664753528352	69.5664753528352	69.5664753528352	69.5664753528352	69.5664753528352	69.5664753528352	69.5664753528352	69.5664753528352	69.5664753528352	69.5664753528352	69.5664753528352	69.5664753528352	69.5664753528352	69.5664753528352	69.5664753528352	69.5664753528352	69.5664753528352	69.5664753528352	69.5664753528352	69.5664753528352	69.5664753528352	69.5664753528352	69.5664753528352	69.5664753528352	69.5664753528352	69.5664753528352	69.5664753528352	69.5664753528352	69.5664753528352	69.5664753528352	69.5664753528352	69.5664753528352	69.5664753528352	69.5664753528352	69.5664753528352	69.5664753528352	69.5664753528352	69.5664753528352	69.5664753528352	69.5664753528352	69.5664753528352	69.5664753528352	69.5664753528352	69.5664753528352	69.5664753528352	69.5664753528352	69.5664753528352	69.5664753528352	69.5664753528352	69.5664753528352	69.5664753528352	69.5664753528352	69.5664753528352	69.5664753528352	69.5664753528352	69.5664753528352	69.5664753528352	69.5664753528352	69.5664753528352	69.5664753528352	69.5664753528352	69.5664753528352	69.5664753528352	69.5664753528352	69.5664753528352	69.5664753528352	69.5664753528352	69.5664753528352	69.5664753528352	69.5664753528352	69.5664753528352	69.5664753528352	69.5664753528352	69.5664753528352	69.5664753528352	69.5664753528352	69.5664753528352	69.5664753528352	69.5664753528352	69.5664753528352	69.5664753528352	69.5664753528352	69.5664753528352	69.5664753528352	69.5664753528352	69.5664753528352	69.5664753528352	69.5664753528352	69.5664753528352	69.5664753528352	69.5664753528352
141.64459272385128	141.64459272385128	141.64459272385128	141.64459272385128	141.64459272385128	141.6772113518365	141.6772113518365	141.6772113518365	141.6772113518365	141.6772113518365	141.6772113518365	141.6772113518365	141.6772113518365	141.6772113518365	141.6772113518365	141.6772113518365	141.6772113518365	141.6772113518365	141.6772113518365	141.6772113518365	141.6772113518365	141.6772113518365	141.6772113518365	141.6772113518365	141.6772113518365	141.6772113518365	141.6772113518365	141.6772113518365	141.6772113518365	141.6772113518365	141.6772113518365	141.6772113518365	141.6772113518365	141.6772113518365	141.6772113518365	141.6772113518365	141.6772113518365	141.6772113518365	141.6772113518365	141.6772113518365	141.6772113518365	141.6772113518365	141.6772113518365	141.6772113518365	141.6772113518365	141.6772113518365	141.6772113518365	141.6772113518365	141.6772113518365	141.6772113518365	141.6772113518365	141.6772113518365	141.6772113518365	141.6772113518365	141.6772113518365	141.6772113518365	141.6772113518365	141.6772113518365	141.6772113518365	141.6772113518365	141.6772113518365	141.6772113518365	141.6772113518365	141.6772113518365	141.6772113518365	141.6772113518365	141.6772113518365	141.6772113518365	141.6772113518365	141.6772113518365	141.6772113518365	141.6772113518365	141.6772113518365	141.6772113518365	141.6772113518365	141.6772113518365	141.6772113518365	141.6772113518365	141.6772113518365	141.6772113518365	141.6772113518365	141.6772113518365	141.6772113518365	141.6772113518365	141.6772113518365	141.6772113518365	141.6772113518365	141.6772113518365	141.6772113518365	141.6772113518365	141.6772113518365	141.6772113518365	141.6772113518365	141.6772113518365	141.6772113518365	141.6772113518365	141.6772113518365
291.40701347708057	291.40701347708057	291.40701347708057	291.40701347708057	291.40701347708057	291.40701347708057	291.40701347708057	291.40701347708057	291.40701347708057	291.40701347708057	291.40701347708057	291.40701347708057	291.40701347708057	291.40701347708057	291.40701347708057	291.40701347708057	291.40701347708057	291.40701347708057	291.40701347708057	291.40701347708057	291.40701347708057	291.40701347708057	291.40701347708057	291.40701347708057	291.40701347708057	291.40701347708057	291.40701347708057	291.40701347708057	291.40701347708057	291.40701347708057	291.40701347708057	291.40701347708057	291.40701347708057	291.40701347708057	291.40701347708057	291.40701347708057	291.40701347708057	291.40701347708057	291.40701347708057	291.40701347708057	291.40701347708057	291.40701347708057	291.40701347708057	291.40701347708057	291.40701347708057	291.40701347708057	291.40701347708057	291.40701347708057	291.40701347708057	291.40701347708057	291.40701347708057	291.40701347708057	291.40701347708057	291.40701347708057	291.40701347708057	291.40701347708057	291.40701347708057	291.40701347708057	291.40701347708057	291.40701347708057	291.40701347708057	291.40701347708057	291.40701347708057	291.40701347708057	291.40701347708057	291.40701347708057	291.40701347708057	291.40701347708057	291.40701347708057	291.40701347708057	291.40701347708057	291.40701347708057	291.40701347708057	291.40701347708057	291.40701347708057	291.40701347708057	291.40701347708057	291.40701347708057	291.40701347708057	291.40701347708057	291.40701347708057	291.40701347708057	291.40701347708057	291.40701347708057	291.40701347708057	291.40701347708057	291.40701347708057	291.40701347708057	291.40701347708057	291.40701347708057	291.40701347708057	291.40701347708057	291.40701347708057	291.40701347708057	291.40701347708057	291.40701347708057	291.40701347708057
607.2954118270236	607.2954118270236	607.2954118270236	607.4352628635833	607.4352628635833	607.4352628635833	607.4352628635833	607.4352628635833	607.4352628635833	607.4352628635833	607.4352628635833	607.4352628635833	607.4352628635833	607.4352628635833	607.4352628635833	607.4352628635833	607.4352628635833	607.4352628635833	607.4352628635833	607.4352628635833	607.4352628635833	607.4352628635833	607.4352628635833	607.4352628635833	607.4352628635833	607.4352628635833	607.4352628635833	607.4352628635833	607.4352628635833	607.4352628635833	607.4352628635833	607.4352628635833	607.4352628635833	607.4352628635833	607.4352628635833	607.4352628635833	607.4352628635833	607.4352628635833	607.4352628635833	607.4352628635833	607.4352628635833	607.4352628635833	607.4352628635833	607.4352628635833	607.4352628635833	607.4352628635833	607.4352628635833	607.4352628635833	607.4352628635833	607.4352628635833	607.4352628635833	607.4352628635833	607.4352628635833	607.4352628635833	607.4352628635833	607.4352628635833	607.4352628635833	607.4352628635833	607.4352628635833	607.4352628635833	607.4352628635833	607.4352628635833	607.4352628635833	607.4352628635833	607.4352628635833	607.4352628635833	607.4352628635833	607.4352628635833	607.4352628635833	607.4352628635833	607.4352628635833	607.4352628635833	607.4352628635833	607.4352628635833	607.4352628635833	607.4352628635833	607.4352628635833	607.4352628635833	607.4352628635833	607.4352628635833	607.4352628635833	607.4352628635833	607.4352628635833	607.4352628635833	607.4352628635833	607.4352628635833	607.4352628635833	607.4352628635833	607.4352628635833	607.4352628635833	607.4352628635833	607.4352628635833	607.4352628635833	607.4352628635833	607.4352628635833	607.4352628635833	607.4352628635833
1287.3599677157931	1287.3599677157931	1287.3599677157931	1287.3599677157931	1287.3599677157931	1287.3599677157931	1287.3599677157931	1287.3599677157931	1287.3599677157931	1287.3599677157931	1287.3599677157931	1287.3599677157931	1287.3599677157931	1287.3599677157931	1287.3599677157931	1287.3599677157931	1287.3599677157931	1287.3599677157931	1287.3599677157931	1287.3599677157931	1287.3599677157931	1287.3599677157931	1287.3599677157931	1287.3599677157931	1287.3599677157931	1287.3599677157931	1287.3599677157931	1287.3599677157931	1287.3599677157931	1287.3599677157931	1287.3599677157931	1287.3599677157931	1287.3599677157931	1287.3599677157931	1287.3599677157931	1287.3599677157931	1287.3599677157931	1287.3599677157931	1287.3599677157931	1287.3599677157931	1287.3599677157931	1287.3599677157931	1287.3599677157931	1287.3599677157931	1287.3599677157931	1287.3599677157931	1287.3599677157931	1287.3599677157931	1287.3599677157931	1287.3599677157931	1287.3599677157931	1287.3599677157931	1287.3599677157931	1287.3599677157931	1287.3599677157931	1287.3599677157931	1287.3599677157931	1287.3599677157931	1287.3599677157931	1287.3599677157931	1287.3599677157931	1287.3599677157931	1287.3599677157931	1287.3599677157931	1287.3599677157931	1287.3599677157931	1287.3599677157931	1287.3599677157931	1287.3599677157931	1287.3599677157931	1287.3599677157931	1287.3599677157931	1287.3599677157931	1287.3599677157931	1287.3599677157931	1287.3599677157931	1287.3599677157931	1287.3599677157931	1287.3599677157931	1287.3599677157931	1287.3599677157931	1287.3599677157931	1287.3599677157931	1287.3599677157931	1287.3599677157931	1287.3599677157931	1287.3599677157931	1287.3599677157931	1287.3599677157931	1287.3599677157931	1287.3599677157931	1287.3599677157931	1287.3599677157931	1287.3599677157931	1287.3599677157931	1287.3599677157931	1287.3599677157931
2784.838407805002	2784.838407805002	2784.838407805002	2784.838407805002	2784.838407805002	2784.838407805002	2784.838407805002	2784.838407805002	2784.838407805002	2784.838407805002	2784.838407805002	2784.838407805002	2784.838407805002	2784.838407805002	2784.838407805002	2784.838407805002	2784.838407805002	2784.838407805002	2784.838407805002	2784.838407805002	2784.838407805002	2784.838407805002	2784.838407805002	2784.838407805002	2784.838407805002	2784.838407805002	2784.838407805002	2784.838407805002	2784.838407805002	2784.838407805002	2784.838407805002	2784.838407805002	2784.838407805002	2784.838407805002	2784.838407805002	2784.838407805002	2784.838407805002	2784.838407805002	2784.838407805002	2784.838407805002	2784.838407805002	2784.838407805002	2784.838407805002	2784.838407805002	2784.838407805002	2784.838407805002	2784.838407805002	2784.838407805002	2784.838407805002	2784.838407805002	2784.838407805002	2784.838407805002	2784.838407805002	2784.838407805002	2784.838407805002	2784.838407805002	2784.838407805002	2784.838407805002	2784.838407805002	2784.838407805002	2784.838407805002	2784.838407805002	2784.838407805002	2784.838407805002	2784.838407805002	2784.838407805002	2784.838407805002	2784.838407805002	2784.838407805002	2784.838407805002	2784.838407805002	2784.838407805002	2784.838407805002	2784.838407805002	2784.838407805002	2784.838407805002	2784.838407805002	2784.838407805002	2784.838407805002	2784.838407805002	2784.838407805002	2784.838407805002	2784.838407805002	2784.838407805002	2784.838407805002	2784.838407805002	2784.838407805002	2784.838407805002	2784.838407805002	2784.838407805002	2784.838407805002	2784.838407805002	2784.838407805002	2784.838407805002	2784.838407805002	2784.838407805002	2784.838407805002
6171.631684555836	6171.631684555836	6173.052918886834	6173.052918886834	6173.052918886834	6173.052918886834	6173.052918886834	6173.052918886834	6173.052918886834	6173.052918886834	6173.052918886834	6173.052918886834	6173.052918886834	6173.052918886834	6173.052918886834	6173.052918886834	6173.052918886834	6173.052918886834	6173.052918886834	6173.052918886834	6173.052918886834	6173.052918886834	6173.052918886834	6173.052918886834	6173.052918886834	6173.052918886834	6173.052918886834	6173.052918886834	6173.052918886834	6173.052918886834	6173.052918886834	6173.052918886834	6173.052918886834	6173.052918886834	6173.052918886834	6173.052918886834	6173.052918886834	6173.052918886834	6173.052918886834	6173.052918886834	6173.052918886834	6173.052918886834	6173.052918886834	6173.052918886834	6173.052918886834	6173.052918886834	6173.052918886834	6173.052918886834	6173.052918886834	6173.052918886834	6173.052918886834	6173.052918886834	6173.052918886834	6173.052918886834	6173.052918886834	6173.052918886834	6173.052918886834	6173.052918886834	6173.052918886834	6173.052918886834	6173.052918886834	6173.052918886834	6173.052918886834	6173.052918886834	6173.052918886834	6173.052918886834	6173.052918886834	6173.052918886834	6173.052918886834	6173.052918886834	6173.052918886834	6173.052918886834	6173.052918886834	6173.052918886834	6173.052918886834	6173.052918886834	6173.052918886834	6173.052918886834	6173.052918886834	6173.052918886834	6173.052918886834	6173.052918886834	6173.052918886834	6173.052918886834	6173.052918886834	6173.052918886834	6173.052918886834	6173.052918886834	6173.052918886834	6173.052918886834	6173.052918886834	6173.052918886834	6173.052918886834	6173.052918886834	6173.052918886834	6173.052918886834	6173.052918886834
12379.411516551037	12379.411516551037	12379.411516551037	12379.411516551037	12382.262309589945	12382.262309589945	12382.262309589945	12382.262309589945	12382.262309589945	12382.262309589945	12382.262309589945	12382.262309589945	12382.262309589945	12382.262309589945	12382.262309589945	12382.262309589945	12382.262309589945	12382.262309589945	12382.262309589945	12382.262309589945	12382.262309589945	12382.262309589945	12382.262309589945	12382.262309589945	12382.262309589945	12382.262309589945	12382.262309589945	12382.262309589945	12382.262309589945	12382.262309589945	12382.262309589945	12382.262309589945	12382.262309589945	12382.262309589945	12382.262309589945	12382.262309589945	12382.262309589945	12382.262309589945	12382.262309589945	12382.262309589945	12382.262309589945	12382.262309589945	12382.262309589945	12382.262309589945	12382.262309589945	12382.262309589945	12382.262309589945	12382.262309589945	12382.262309589945	12382.262309589945	12382.262309589945	12382.262309589945	12382.262309589945	12382.262309589945	12382.262309589945	12382.262309589945	12382.262309589945	12382.262309589945	12382.262309589945	12382.262309589945	12382.262309589945	12382.262309589945	12382.262309589945	12382.262309589945	12382.262309589945	12382.262309589945	12382.262309589945	12382.262309589945	12382.262309589945	12382.262309589945	12382.262309589945	12382.262309589945	12382.262309589945	12382.262309589945	12382.262309589945	12382.262309589945	12382.262309589945	12382.262309589945	12382.262309589945	12382.262309589945	12382.262309589945	12382.262309589945	12382.262309589945	12382.262309589945	12382.262309589945	12382.262309589945	12382.262309589945	12382.262309589945	12382.262309589945	12382.262309589945	12382.262309589945	12382.262309589945	12382.262309589945	12382.262309589945	12382.262309589945	12382.262309589945	12382.262309589945
21632.16565407293	21632.16565407293	21632.16565407293	21632.16565407293	21632.16565407293	21632.16565407293	21632.16565407293	21632.16565407293	21632.16565407293	21632.16565407293	21632.16565407293	21632.16565407293	21632.16565407293	21632.16565407293	21632.16565407293	21632.16565407293	21632.16565407293	21632.16565407293	21632.16565407293	21632.16565407293	21632.16565407293	21632.16565407293	21632.16565407293	21632.16565407293	21632.16565407293	21632.16565407293	21632.16565407293	21632.16565407293	21632.16565407293	21632.16565407293	21632.16565407293	21632.16565407293	21632.16565407293	21632.16565407293	21632.16565407293	21632.16565407293	21632.16565407293	21632.16565407293	21632.16565407293	21632.16565407293	21632.16565407293	21632.16565407293	21632.16565407293	21632.16565407293	21632.16565407293	21632.16565407293	21632.16565407293	21632.16565407293	21632.16565407293	21632.16565407293	21632.16565407293	21632.16565407293	21632.16565407293	21632.16565407293	21632.16565407293	21632.16565407293	21632.16565407293	21632.16565407293	21632.16565407293	21632.16565407293	21632.16565407293	21632.16565407293	21632.16565407293	21632.16565407293	21632.16565407293	21632.16565407293	21632.16565407293	21632.16565407293	21632.16565407293	21632.16565407293	21632.16565407293	21632.16565407293	21632.16565407293	21632.16565407293	21632.16565407293	21632.16565407293	21632.16565407293	21632.16565407293	21632.16565407293	21632.16565407293	21632.16565407293	21632.16565407293	21632.16565407293	21632.16565407293	21632.16565407293	21632.16565407293	21632.16565407293	21632.16565407293	21632.16565407293	21632.16565407293	21632.16565407293	21632.16565407293	21632.16565407293	21632.16565407293	21632.16565407293	21632.16565407293	21632.16565407293
38106.58233937734	38106.58233937734	38106.58233937734	38106.58233937734	38106.58233937734	38106.58233937734	38106.58233937734	38106.58233937734	38106.58233937734	38106.58233937734	38106.58233937734	38106.58233937734	38106.58233937734	38106.58233937734	38106.58233937734	38106.58233937734	38106.58233937734	38106.58233937734	38106.58233937734	38106.58233937734	38106.58233937734	38106.58233937734	38106.58233937734	38106.58233937734	38106.58233937734	38106.58233937734	38106.58233937734	38106.58233937734	38106.58233937734	38106.58233937734	38106.58233937734	38106.58233937734	38106.58233937734	38106.58233937734	38106.58233937734	38106.58233937734	38106.58233937734	38106.58233937734	38106.58233937734	38106.58233937734	38106.58233937734	38106.58233937734	38106.58233937734	38106.58233937734	38106.58233937734	38106.58233937734	38106.58233937734	38106.58233937734	38106.58233937734	38106.58233937734	38106.58233937734	38106.58233937734	38106.58233937734	38106.58233937734	38106.58233937734	38106.58233937734	38106.58233937734	38106.58233937734	38106.58233937734	38106.58233937734	38106.58233937734	38106.58233937734	38106.58233937734	38106.58233937734	38106.58233937734	38106.58233937734	38106.58233937734	38106.58233937734	38106.58233937734	38106.58233937734	38106.58233937734	38106.58233937734	38106.58233937734	38106.58233937734	38106.58233937734	38106.58233937734	38106.58233937734	38106.58233937734	38106.58233937734	38106.58233937734	38106.58233937734	38106.58233937734	38106.58233937734	38106.58233937734	38106.58233937734	38106.58233937734	38106.58233937734	38106.58233937734	38106.58233937734	38106.58233937734	38106.58233937734	38106.58233937734	38106.58233937734	38106.58233937734	38106.58233937734	38106.58233937734	38106.58233937734
71055.87633694742	71055.87633694742	71055.87633694742	71055.87633694742	71055.87633694742	71055.87633694742	71055.87633694742	71055.87633694742	71055.87633694742	71055.87633694742	71055.87633694742	71055.87633694742	71055.87633694742	71055.87633694742	71055.87633694742	71055.87633694742	71055.87633694742	71055.87633694742	71055.87633694742	71055.87633694742	71055.87633694742	71055.87633694742	71055.87633694742	71055.87633694742	71055.87633694742	71055.87633694742	71055.87633694742	71055.87633694742	71055.87633694742	71055.87633694742	71055.87633694742	71055.87633694742	71055.87633694742	71055.87633694742	71055.87633694742	71055.87633694742	71055.87633694742	71055.87633694742	71055.87633694742	71055.87633694742	71055.87633694742	71055.87633694742	71055.87633694742	71055.87633694742	71055.87633694742	71055.87633694742	71055.87633694742	71055.87633694742	71055.87633694742	71055.87633694742	71055.87633694742	71055.87633694742	71055.87633694742	71055.87633694742	71055.87633694742	71055.87633694742	71055.87633694742	71055.87633694742	71055.87633694742	71055.87633694742	71055.87633694742	71055.87633694742	71055.87633694742	71055.87633694742	71055.87633694742	71055.87633694742	71055.87633694742	71055.87633694742	71055.87633694742	71055.87633694742	71055.87633694742	71055.87633694742	71055.87633694742	71055.87633694742	71055.87633694742	71055.87633694742	71055.87633694742	71055.87633694742	71055.87633694742	71055.87633694742	71055.87633694742	71055.87633694742	71055.87633694742	71055.87633694742	71055.87633694742	71055.87633694742	71055.87633694742	71055.87633694742	71055.87633694742	71055.87633694742	71055.87633694742	71055.87633694742	71055.87633694742	71055.87633694742	71055.87633694742	71055.87633694742	71055.87633694742
134493.0987688126	134493.0987688126	134493.0987688126	134493.0987688126	134493.0987688126	134493.0987688126	134493.0987688126	134493.0987688126	134493.0987688126	134493.0987688126	134493.0987688126	134493.0987688126	134493.0987688126	134493.0987688126	134493.0987688126	134493.0987688126	134493.0987688126	134493.0987688126	134493.0987688126	134493.0987688126	134493.0987688126	134493.0987688126	134493.0987688126	134493.0987688126	134493.0987688126	134493.0987688126	134493.0987688126	134493.0987688126	134493.0987688126	134493.0987688126	134493.0987688126	134493.0987688126	134493.0987688126	134493.0987688126	134493.0987688126	134493.0987688126	134493.0987688126	134493.0987688126	134493.0987688126	134493.0987688126	134493.0987688126	134493.0987688126	134493.0987688126	134493.0987688126	134493.0987688126	134493.0987688126	134493.0987688126	134493.0987688126	134493.0987688126	134493.0987688126	134493.0987688126	134493.0987688126	134493.0987688126	134493.0987688126	134493.0987688126	134493.0987688126	134493.0987688126	134493.0987688126	134493.0987688126	134493.0987688126	134493.0987688126	134493.0987688126	134493.0987688126	134493.0987688126	134493.0987688126	134493.0987688126	134493.0987688126	134493.0987688126	134493.0987688126	134493.0987688126	134493.0987688126	134493.0987688126	134493.0987688126	134493.0987688126	134493.0987688126	134493.0987688126	134493.0987688126	134493.0987688126	134493.0987688126	134493.0987688126	134493.0987688126	134493.0987688126	134493.0987688126	134493.0987688126	134493.0987688126	134493.0987688126	134493.0987688126	134493.0987688126	134493.0987688126	134493.0987688126	134493.0987688126	134493.0987688126	134493.0987688126	134493.0987688126	134493.0987688126	134493.0987688126	134493.0987688126
255387.71357793195	255387.71357793195	255387.71357793195	255387.71357793195	255387.71357793195	255387.71357793195	255387.71357793195	255387.71357793195	255387.71357793195	255387.71357793195	255387.71357793195	255387.71357793195	255387.71357793195	255387.71357793195	255387.71357793195	255387.71357793195	255387.71357793195	255387.71357793195	255387.71357793195	255387.71357793195	255387.71357793195	255387.71357793195	255387.71357793195	255387.71357793195	255387.71357793195	255387.71357793195	255387.71357793195	255387.71357793195	255387.71357793195	255387.71357793195	255387.71357793195	255387.71357793195	255387.71357793195	255387.71357793195	255387.71357793195	255387.71357793195	255387.71357793195	255387.71357793195	255387.71357793195	255387.71357793195	255387.71357793195	255387.71357793195	255387.71357793195	255387.71357793195	255387.71357793195	255387.71357793195	255387.71357793195	255387.71357793195	255387.71357793195	255387.71357793195	255387.71357793195	255387.71357793195	255387.71357793195	255387.71357793195	255387.71357793195	255387.71357793195	255387.71357793195	255387.71357793195	255387.71357793195	255387.71357793195	255387.71357793195	255387.71357793195	255387.71357793195	255387.71357793195	255387.71357793195	255387.71357793195	255387.71357793195	255387.71357793195	255387.71357793195	255387.71357793195	255387.71357793195	255387.71357793195	255387.71357793195	255387.71357793195	255387.71357793195	255387.71357793195	255387.71357793195	255387.71357793195	255387.71357793195	255387.71357793195	255387.71357793195	255387.71357793195	255387.71357793195	255387.71357793195	255387.71357793195	255387.71357793195	255387.71357793195	255387.71357793195	255387.71357793195	255387.71357793195	255387.71357793195	255387.71357793195	255387.71357793195	255387.71357793195	255387.71357793195	255387.71357793195	255387.71357793195
470435.4057259764	470543.7399531805	470543.7399531805	470543.7399531805	470543.7399531805	470543.7399531805	470543.7399531805	470543.7399531805	470543.7399531805	470543.7399531805	470543.7399531805	470543.7399531805	470543.7399531805	470543.7399531805	470543.7399531805	470543.7399531805	470543.7399531805	470543.7399531805	470543.7399531805	470543.7399531805	470543.7399531805	470543.7399531805	470543.7399531805	470543.7399531805	470543.7399531805	470543.7399531805	470543.7399531805	470543.7399531805	470543.7399531805	470543.7399531805	470543.7399531805	470543.7399531805	470543.7399531805	470543.7399531805	470543.7399531805	470543.7399531805	470543.7399531805	470543.7399531805	470543.7399531805	470543.7399531805	470543.7399531805	470543.7399531805	470543.7399531805	470543.7399531805	470543.7399531805	470543.7399531805	470543.7399531805	470543.7399531805	470543.7399531805	470543.7399531805	470543.7399531805	470543.7399531805	470543.7399531805	470543.7399531805	470543.7399531805	470543.7399531805	470543.7399531805	470543.7399531805	470543.7399531805	470543.7399531805	470543.7399531805	470543.7399531805	470543.7399531805	470543.7399531805	470543.7399531805	470543.7399531805	470543.7399531805	470543.7399531805	470543.7399531805	470543.7399531805	470543.7399531805	470543.7399531805	470543.7399531805	470543.7399531805	470543.7399531805	470543.7399531805	470543.7399531805	470543.7399531805	470543.7399531805	470543.7399531805	470543.7399531805	470543.7399531805	470543.7399531805	470543.7399531805	470543.7399531805	470543.7399531805	470543.7399531805	470543.7399531805	470543.7399531805	470543.7399531805	470543.7399531805	470543.7399531805	470543.7399531805	470543.7399531805	470543.7399531805	470543.7399531805	470543.7399531805
802971.2576698627	802971.2576698627	802971.2576698627	802971.2576698627	802971.2576698627	802971.2576698627	802971.2576698627	802971.2576698627	802971.2576698627	802971.2576698627	802971.2576698627	802971.2576698627	802971.2576698627	802971.2576698627	802971.2576698627	802971.2576698627	802971.2576698627	802971.2576698627	802971.2576698627	802971.2576698627	802971.2576698627	802971.2576698627	802971.2576698627	802971.2576698627	802971.2576698627	802971.2576698627	802971.2576698627	802971.2576698627	802971.2576698627	802971.2576698627	802971.2576698627	802971.2576698627	802971.2576698627	802971.2576698627	802971.2576698627	802971.2576698627	802971.2576698627	802971.2576698627	802971.2576698627	802971.2576698627	802971.2576698627	802971.2576698627	802971.2576698627	802971.2576698627	802971.2576698627	802971.2576698627	802971.2576698627	802971.2576698627	802971.2576698627	802971.2576698627	802971.2576698627	802971.2576698627	802971.2576698627	802971.2576698627	802971.2576698627	802971.2576698627	802971.2576698627	802971.2576698627	802971.2576698627	802971.2576698627	802971.2576698627	802971.2576698627	802971.2576698627	802971.2576698627	802971.2576698627	802971.2576698627	802971.2576698627	802971.2576698627	802971.2576698627	802971.2576698627	802971.2576698627	802971.2576698627	802971.2576698627	802971.2576698627	802971.2576698627	802971.2576698627	802971.2576698627	802971.2576698627	802971.2576698627	802971.2576698627	802971.2576698627	802971.2576698627	802971.2576698627	802971.2576698627	802971.2576698627	802971.2576698627	802971.2576698627	802971.2576698627	802971.2576698627	802971.2576698627	802971.2576698627	802971.2576698627	802971.2576698627	802971.2576698627	802971.2576698627	802971.2576698627	802971.2576698627
1237656.1379855946	1237656.1379855946	1237656.1379855946	1237656.1379855946	1237656.1379855946	1237656.1379855946	1237656.1379855946	1237656.1379855946	1237656.1379855946	1237656.1379855946	1237656.1379855946	1237656.1379855946	1237656.1379855946	1237656.1379855946	1237656.1379855946	1237656.1379855946	1237656.1379855946	1237656.1379855946	1237656.1379855946	1237656.1379855946	1237656.1379855946	1237656.1379855946	1237656.1379855946	1237656.1379855946	1237656.1379855946	1237656.1379855946	1237656.1379855946	1237656.1379855946	1237656.1379855946	1237656.1379855946	1237656.1379855946	1237656.1379855946	1237656.1379855946	1237656.1379855946	1237656.1379855946	1237656.1379855946	1237656.1379855946	1237656.1379855946	1237656.1379855946	1237656.1379855946	1237656.1379855946	1237656.1379855946	1237656.1379855946	1237656.1379855946	1237656.1379855946	1237656.1379855946	1237656.1379855946	1237656.1379855946	1237656.1379855946	1237656.1379855946	1237656.1379855946	1237656.1379855946	1237656.1379855946	1237656.1379855946	1237656.1379855946	1237656.1379855946	1237656.1379855946	1237656.1379855946	1237656.1379855946	1237656.1379855946	1237656.1379855946	1237656.1379855946	1237656.1379855946	1237656.1379855946	1237656.1379855946	1237656.1379855946	1237656.1379855946	1237656.1379855946	1237656.1379855946	1237656.1379855946	1237656.1379855946	1237656.1379855946	1237656.1379855946	1237656.1379855946	1237656.1379855946	1237656.1379855946	1237656.1379855946	1237656.1379855946	1237656.1379855946	1237656.1379855946	1237656.1379855946	1237656.1379855946	1237656.1379855946	1237656.1379855946	1237656.1379855946	1237656.1379855946	1237656.1379855946	1237656.1379855946	1237656.1379855946	1237656.1379855946	1237656.1379855946	1237656.1379855946	1237656.1379855946	1237656.1379855946	1237656.1379855946	1237656.1379855946	1237656.1379855946
1738201.0182494132	1738201.0182494132	1738201.0182494132	1738201.0182494132	1738201.0182494132	1738201.0182494132	1738201.0182494132	1738201.0182494132	1738201.0182494132	1738201.0182494132	1738201.0182494132	1738201.0182494132	1738201.0182494132	1738201.0182494132	1738201.0182494132	1738201.0182494132	1738201.0182494132	1738201.0182494132	1738201.0182494132	1738201.0182494132	1738201.0182494132	1738201.0182494132	1738201.0182494132	1738201.0182494132	1738201.0182494132	1738201.0182494132	1738201.0182494132	1738201.0182494132	1738201.0182494132	1738201.0182494132	1738201.0182494132	1738201.0182494132	1738201.0182494132	1738201.0182494132	1738201.0182494132	1738201.0182494132	1738201.0182494132	1738201.0182494132	1738201.0182494132	1738201.0182494132	1738201.0182494132	1738201.0182494132	1738201.0182494132	1738201.0182494132	1738201.0182494132	1738201.0182494132	1738201.0182494132	1738201.0182494132	1738201.0182494132	1738201.0182494132	1738201.0182494132	1738201.0182494132	1738201.0182494132	1738201.0182494132	1738201.0182494132	1738201.0182494132	1738201.0182494132	1738201.0182494132	1738201.0182494132	1738201.0182494132	1738201.0182494132	1738201.0182494132	1738201.0182494132	1738201.0182494132	1738201.0182494132	1738201.0182494132	1738201.0182494132	1738201.0182494132	1738201.0182494132	1738201.0182494132	1738201.0182494132	1738201.0182494132	1738201.0182494132	1738201.0182494132	1738201.0182494132	1738201.0182494132	1738201.0182494132	1738201.0182494132	1738201.0182494132	1738201.0182494132	1738201.0182494132	1738201.0182494132	1738201.0182494132	1738201.0182494132	1738201.0182494132	1738201.0182494132	1738201.0182494132	1738201.0182494132	1738201.0182494132	1738201.0182494132	1738201.0182494132	1738201.0182494132	1738201.0182494132	1738201.0182494132	1738201.0182494132	1738201.0182494132	1738201.0182494132
2271956.4377352665	2271956.4377352665	2271956.4377352665	2271956.4377352665	2271956.4377352665	2271956.4377352665	2271956.4377352665	2271956.4377352665	2271956.4377352665	2271956.4377352665	2271956.4377352665	2271956.4377352665	2271956.4377352665	2271956.4377352665	2271956.4377352665	2271956.4377352665	2271956.4377352665	2271956.4377352665	2271956.4377352665	2271956.4377352665	2271956.4377352665	2271956.4377352665	2271956.4377352665	2271956.4377352665	2271956.4377352665	2271956.4377352665	2271956.4377352665	2271956.4377352665	2271956.4377352665	2271956.4377352665	2271956.4377352665	2271956.4377352665	2271956.4377352665	2271956.4377352665	2271956.4377352665	2271956.4377352665	2271956.4377352665	2271956.4377352665	2271956.4377352665	2271956.4377352665	2271956.4377352665	2271956.4377352665	2271956.4377352665	2271956.4377352665	2271956.4377352665	2271956.4377352665	2271956.4377352665	2271956.4377352665	2271956.4377352665	2271956.4377352665	2271956.4377352665	2271956.4377352665	2271956.4377352665	2271956.4377352665	2271956.4377352665	2271956.4377352665	2271956.4377352665	2271956.4377352665	2271956.4377352665	2271956.4377352665	2271956.4377352665	2271956.4377352665	2271956.4377352665	2271956.4377352665	2271956.4377352665	2271956.4377352665	2271956.4377352665	2271956.4377352665	2271956.4377352665	2271956.4377352665	2271956.4377352665	2271956.4377352665	2271956.4377352665	2271956.4377352665	2271956.4377352665	2271956.4377352665	2271956.4377352665	2271956.4377352665	2271956.4377352665	2271956.4377352665	2271956.4377352665	2271956.4377352665	2271956.4377352665	2271956.4377352665	2271956.4377352665	2271956.4377352665	2271956.4377352665	2271956.4377352665	2271956.4377352665	2271956.4377352665	2271956.4377352665	2271956.4377352665	2271956.4377352665	2271956.4377352665	2271956.4377352665	2271956.4377352665	2271956.4377352665
2817734.04932023	2817734.04932023	2817734.04932023	2817734.04932023	2817734.04932023	2817734.04932023	2817734.04932023	2817734.04932023	2817734.04932023	2817734.04932023	2817734.04932023	2817734.04932023	2817734.04932023	2817734.04932023	2817734.04932023	2817734.04932023	2817734.04932023	2817734.04932023	2817734.04932023	2817734.04932023	2817734.04932023	2817734.04932023	2817734.04932023	2817734.04932023	2817734.04932023	2817734.04932023	2817734.04932023	2817734.04932023	2817734.04932023	2817734.04932023	2817734.04932023	2817734.04932023	2817734.04932023	2817734.04932023	2817734.04932023	2817734.04932023	2817734.04932023	2817734.04932023	2817734.04932023	2817734.04932023	2817734.04932023	2817734.04932023	2817734.04932023	2817734.04932023	2817734.04932023	2817734.04932023	2817734.04932023	2817734.04932023	2817734.04932023	2817734.04932023	2817734.04932023	2817734.04932023	2817734.04932023	2817734.04932023	2817734.04932023	2817734.04932023	2817734.04932023	2817734.04932023	2817734.04932023	2817734.04932023	2817734.04932023	2817734.04932023	2817734.04932023	2817734.04932023	2817734.04932023	2817734.04932023	2817734.04932023	2817734.04932023	2817734.04932023	2817734.04932023	2817734.04932023	2817734.04932023	2817734.04932023	2817734.04932023	2817734.04932023	2817734.04932023	2817734.04932023	2817734.04932023	2817734.04932023	2817734.04932023	2817734.04932023	2817734.04932023	2817734.04932023	2817734.04932023	2817734.04932023	2817734.04932023	2817734.04932023	2817734.04932023	2817734.04932023	2817734.04932023	2817734.04932023	2817734.04932023	2817734.04932023	2817734.04932023	2817734.04932023	2817734.04932023	2817734.04932023
3356603.166999334	3356603.166999334	3356603.166999334	3356603.166999334	3356603.166999334	3356603.166999334	3356603.166999334	3356603.166999334	3356603.166999334	3356603.166999334	3356603.166999334	3356603.166999334	3356603.166999334	3356603.166999334	3356603.166999334	3356603.166999334	3356603.166999334	3356603.166999334	3356603.166999334	3356603.166999334	3356603.166999334	3356603.166999334	3356603.166999334	3356603.166999334	3356603.166999334	3356603.166999334	3356603.166999334	3356603.166999334	3356603.166999334	3356603.166999334	3356603.166999334	3356603.166999334	3356603.166999334	3356603.166999334	3356603.166999334	3356603.166999334	3356603.166999334	3356603.166999334	3356603.166999334	3356603.166999334	3356603.166999334	3356603.166999334	3356603.166999334	3356603.166999334	3356603.166999334	3356603.166999334	3356603.166999334	3356603.166999334	3356603.166999334	3356603.166999334	3356603.166999334	3356603.166999334	3356603.166999334	3356603.166999334	3356603.166999334	3356603.166999334	3356603.166999334	3356603.166999334	3356603.166999334	3356603.166999334	3356603.166999334	3356603.166999334	3356603.166999334	3356603.166999334	3356603.166999334	3356603.166999334	3356603.166999334	3356603.166999334	3356603.166999334	3356603.166999334	3356603.166999334	3356603.166999334	3356603.166999334	3356603.166999334	3356603.166999334	3356603.166999334	3356603.166999334	3356603.166999334	3356603.166999334	3356603.166999334	3356603.166999334	3356603.166999334	3356603.166999334	3356603.166999334	3356603.166999334	3356603.166999334	3356603.166999334	3356603.166999334	3356603.166999334	3356603.166999334	3356603.166999334	3356603.166999334	3356603.166999334	3356603.166999334	3356603.166999334	3356603.166999334	3356603.166999334
3840608.1572581134	3840608.1572581134	3840608.1572581134	3840608.1572581134	3840608.1572581134	3840608.1572581134	3840608.1572581134	3840608.1572581134	3840608.1572581134	3840608.1572581134	3840608.1572581134	3840608.1572581134	3840608.1572581134	3840608.1572581134	3840608.1572581134	3840608.1572581134	3840608.1572581134	3840608.1572581134	3840608.1572581134	3840608.1572581134	3840608.1572581134	3840608.1572581134	3840608.1572581134	3840608.1572581134	3840608.1572581134	3840608.1572581134	3840608.1572581134	3840608.1572581134	3840608.1572581134	3840608.1572581134	3840608.1572581134	3840608.1572581134	3840608.1572581134	3840608.1572581134	3840608.1572581134	3840608.1572581134	3840608.1572581134	3840608.1572581134	3840608.1572581134	3840608.1572581134	3840608.1572581134	3840608.1572581134	3840608.1572581134	3840608.1572581134	3840608.1572581134	3840608.1572581134	3840608.1572581134	3840608.1572581134	3840608.1572581134	3840608.1572581134	3840608.1572581134	3840608.1572581134	3840608.1572581134	3840608.1572581134	3840608.1572581134	3840608.1572581134	3840608.1572581134	3840608.1572581134	3840608.1572581134	3840608.1572581134	3840608.1572581134	3840608.1572581134	3840608.1572581134	3840608.1572581134	3840608.1572581134	3840608.1572581134	3840608.1572581134	3840608.1572581134	3840608.1572581134	3840608.1572581134	3840608.1572581134	3840608.1572581134	3840608.1572581134	3840608.1572581134	3840608.1572581134	3840608.1572581134	3840608.1572581134	3840608.1572581134	3840608.1572581134	3840608.1572581134	3840608.1572581134	3840608.1572581134	3840608.1572581134	3840608.1572581134	3840608.1572581134	3840608.1572581134	3840608.1572581134	3840608.1572581134	3840608.1572581134	3840608.1572581134	3840608.1572581134	3840608.1572581134	3840608.1572581134	3840608.1572581134	3840608.1572581134	3840608.1572581134	3840608.1572581134
4228633.05181499	4228633.05181499	4228633.05181499	4228633.05181499	4228633.05181499	4228633.05181499	4228633.05181499	4228633.05181499	4228633.05181499	4228633.05181499	4228633.05181499	4228633.05181499	4228633.05181499	4228633.05181499	4228633.05181499	4228633.05181499	4228633.05181499	4228633.05181499	4228633.05181499	4228633.05181499	4228633.05181499	4228633.05181499	4228633.05181499	4228633.05181499	4228633.05181499	4228633.05181499	4228633.05181499	4228633.05181499	4228633.05181499	4228633.05181499	4228633.05181499	4228633.05181499	4228633.05181499	4228633.05181499	4228633.05181499	4228633.05181499	4228633.05181499	4228633.05181499	4228633.05181499	4228633.05181499	4228633.05181499	4228633.05181499	4228633.05181499	4228633.05181499	4228633.05181499	4228633.05181499	4228633.05181499	4228633.05181499	4228633.05181499	4228633.05181499	4228633.05181499	4228633.05181499	4228633.05181499	4228633.05181499	4228633.05181499	4228633.05181499	4228633.05181499	4228633.05181499	4228633.05181499	4228633.05181499	4228633.05181499	4228633.05181499	4228633.05181499	4228633.05181499	4228633.05181499	4228633.05181499	4228633.05181499	4228633.05181499	4228633.05181499	4228633.05181499	4228633.05181499	4228633.05181499	4228633.05181499	4228633.05181499	4228633.05181499	4228633.05181499	4228633.05181499	4228633.05181499	4228633.05181499	4228633.05181499	4228633.05181499	4228633.05181499	4228633.05181499	4228633.05181499	4228633.05181499	4228633.05181499	4228633.05181499	4228633.05181499	4228633.05181499	4228633.05181499	4228633.05181499	4228633.05181499	4228633.05181499	4228633.05181499	4228633.05181499	4228633.05181499	4228633.05181499
4530018.754322406	4530018.754322406	4530018.754322406	4531061.94978558	4531061.94978558	4531061.94978558	4531061.94978558	4531061.94978558	4531061.94978558	4531061.94978558	4531061.94978558	4531061.94978558	4531061.94978558	4531061.94978558	4531061.94978558	4531061.94978558	4531061.94978558	4531061.94978558	4531061.94978558	4531061.94978558	4531061.94978558	4531061.94978558	4531061.94978558	4531061.94978558	4531061.94978558	4531061.94978558	4531061.94978558	4531061.94978558	4531061.94978558	4531061.94978558	4531061.94978558	4531061.94978558	4531061.94978558	4531061.94978558	4531061.94978558	4531061.94978558	4531061.94978558	4531061.94978558	4531061.94978558	4531061.94978558	4531061.94978558	4531061.94978558	4531061.94978558	4531061.94978558	4531061.94978558	4531061.94978558	4531061.94978558	4531061.94978558	4531061.94978558	4531061.94978558	4531061.94978558	4531061.94978558	4531061.94978558	4531061.94978558	4531061.94978558	4531061.94978558	4531061.94978558	4531061.94978558	4531061.94978558	4531061.94978558	4531061.94978558	4531061.94978558	4531061.94978558	4531061.94978558	4531061.94978558	4531061.94978558	4531061.94978558	4531061.94978558	4531061.94978558	4531061.94978558	4531061.94978558	4531061.94978558	4531061.94978558	4531061.94978558	4531061.94978558	4531061.94978558	4531061.94978558	4531061.94978558	4531061.94978558	4531061.94978558	4531061.94978558	4531061.94978558	4531061.94978558	4531061.94978558	4531061.94978558	4531061.94978558	4531061.94978558	4531061.94978558	4531061.94978558	4531061.94978558	4531061.94978558	4531061.94978558	4531061.94978558	4531061.94978558	4531061.94978558	4531061.94978558	4531061.94978558
4837266.336532542	4837266.336532542	4837266.336532542	4837266.336532542	4837266.336532542	4837266.336532542	4837266.336532542	4837266.336532542	4837266.336532542	4837266.336532542	4837266.336532542	4837266.336532542	4837266.336532542	4837266.336532542	4837266.336532542	4837266.336532542	4837266.336532542	4837266.336532542	4837266.336532542	4837266.336532542	4837266.336532542	4837266.336532542	4837266.336532542	4837266.336532542	4837266.336532542	4837266.336532542	4837266.336532542	4837266.336532542	4837266.336532542	4837266.336532542	4837266.336532542	4837266.336532542	4837266.336532542	4837266.336532542	4837266.336532542	4837266.336532542	4837266.336532542	4837266.336532542	4837266.336532542	4837266.336532542	4837266.336532542	4837266.336532542	4837266.336532542	4837266.336532542	4837266.336532542	4837266.336532542	4837266.336532542	4837266.336532542	4837266.336532542	4837266.336532542	4837266.336532542	4837266.336532542	4837266.336532542	4837266.336532542	4837266.336532542	4837266.336532542	4837266.336532542	4837266.336532542	4837266.336532542	4837266.336532542	4837266.336532542	4837266.336532542	4837266.336532542	4837266.336532542	4837266.336532542	4837266.336532542	4837266.336532542	4837266.336532542	4837266.336532542	4837266.336532542	4837266.336532542	4837266.336532542	4837266.336532542	4837266.336532542	4837266.336532542	4837266.336532542	4837266.336532542	4837266.336532542	4837266.336532542	4837266.336532542	4837266.336532542	4837266.336532542	4837266.336532542	4837266.336532542	4837266.336532542	4837266.336532542	4837266.336532542	4837266.336532542	4837266.336532542	4837266.336532542	4837266.336532542	4837266.336532542	4837266.336532542	4837266.336532542	4837266.336532542	4837266.336532542	4837266.336532542
