# nr. of temperatures
30
# temperature: T [K]
0.1	0.1407051521075909	0.19797939829620287	0.2785672135143655	0.3919674467773565	0.5515183922003198	0.7760147926467996	1.0918927943710854	1.5363494171716603	2.1617227843354705	3.041655331843673	4.279864307642275	6.021989584066555	8.473249604164126	11.923396878859664	16.776447418366455	23.60478233180577	33.212380132514596	46.730453963151	65.75064234749982	92.51241112525517	130.16673155792645	183.1892564953743	257.75078699705375	362.6602862448875	510.2699578594392	717.9595885446752	1010.182870544833	1421.3466164728295	1999.8618696327449
# type of calorimetry
0
# heat capacity C [J/K/m^3]
# C(T_0, a_0), C(T_0, a_1), C(T_0, a_2), ... 
# C(T_1, a_0), C(T_1, a_1), C(T_1, a_2), ... 
0.8245936764308476	0.8246126636205159	0.8246126636205159	0.8246316512473857	0.8246316512473857	0.8246316512473857	0.8246316512473857	0.8246316512473857	0.8246316512473857	0.8246316512473857	0.8246316512473857	0.8246316512473857	0.8246316512473857	0.8246316512473857	0.8246316512473857	0.8246316512473857	0.8246316512473857	0.8246316512473857	0.8246316512473857	0.8246316512473857	0.8246316512473857	0.8246316512473857	0.8246316512473857	0.8246316512473857	0.8246316512473857	0.8246316512473857	0.8246316512473857	0.8246316512473857	0.8246316512473857	0.8246316512473857	0.8246316512473857	0.8246316512473857	0.8246316512473857	0.8246316512473857	0.8246316512473857	0.8246316512473857	0.8246316512473857	0.8246316512473857	0.8246316512473857	0.8246316512473857	0.8246316512473857	0.8246316512473857	0.8246316512473857	0.8246316512473857	0.8246316512473857	0.8246316512473857	0.8246316512473857	0.8246316512473857	0.8246316512473857	0.8246316512473857	0.8246316512473857	0.8246316512473857	0.8246316512473857	0.8246316512473857	0.8246316512473857	0.8246316512473857	0.8246316512473857	0.8246316512473857	0.8246316512473857	0.8246316512473857	0.8246316512473857	0.8246316512473857	0.8246316512473857	0.8246316512473857	0.8246316512473857	0.8246316512473857	0.8246316512473857	0.8246316512473857	0.8246316512473857	0.8246316512473857	0.8246316512473857	0.8246316512473857	0.8246316512473857	0.8246316512473857	0.8246316512473857	0.8246316512473857	0.8246316512473857	0.8246316512473857	0.8246316512473857	0.8246316512473857	0.8246316512473857	0.8246316512473857	0.8246316512473857	0.8246316512473857	0.8246316512473857	0.8246316512473857	0.8246316512473857	0.8246316512473857	0.8246316512473857	0.8246316512473857	0.8246316512473857	0.8246316512473857	0.8246316512473857	0.8246316512473857	0.8246316512473857	0.8246316512473857	0.8246316512473857
1.9660746338791006	1.9660746338791006	1.9660746338791006	1.9660746338791006	1.9660746338791006	1.9660746338791006	1.9660746338791006	1.9660746338791006	1.9660746338791006	1.9660746338791006	1.9660746338791006	1.9660746338791006	1.9660746338791006	1.9660746338791006	1.9660746338791006	1.9660746338791006	1.9660746338791006	1.9660746338791006	1.9660746338791006	1.9660746338791006	1.9660746338791006	1.9660746338791006	1.9660746338791006	1.9660746338791006	1.9660746338791006	1.9660746338791006	1.9660746338791006	1.9660746338791006	1.9660746338791006	1.9660746338791006	1.9660746338791006	1.9660746338791006	1.9660746338791006	1.9660746338791006	1.9660746338791006	1.9660746338791006	1.9660746338791006	1.9660746338791006	1.9660746338791006	1.9660746338791006	1.9660746338791006	1.9660746338791006	1.9660746338791006	1.9660746338791006	1.9660746338791006	1.9660746338791006	1.9660746338791006	1.9660746338791006	1.9660746338791006	1.9660746338791006	1.9660746338791006	1.9660746338791006	1.9660746338791006	1.9660746338791006	1.9660746338791006	1.9660746338791006	1.9660746338791006	1.9660746338791006	1.9660746338791006	1.9660746338791006	1.9660746338791006	1.9660746338791006	1.9660746338791006	1.9660746338791006	1.9660746338791006	1.9660746338791006	1.9660746338791006	1.9660746338791006	1.9660746338791006	1.9660746338791006	1.9660746338791006	1.9660746338791006	1.9660746338791006	1.9660746338791006	1.9660746338791006	1.9660746338791006	1.9660746338791006	1.9660746338791006	1.9660746338791006	1.9660746338791006	1.9660746338791006	1.9660746338791006	1.9660746338791006	1.9660746338791006	1.9660746338791006	1.9660746338791006	1.9660746338791006	1.9660746338791006	1.9660746338791006	1.9660746338791006	1.9660746338791006	1.9660746338791006	1.9660746338791006	1.9660746338791006	1.9660746338791006	1.9660746338791006	1.9660746338791006
3.904810837492535	3.904810837492535	3.904810837492535	3.904810837492535	3.904810837492535	3.904810837492535	3.904810837492535	3.904810837492535	3.904810837492535	3.904810837492535	3.904810837492535	3.904810837492535	3.904810837492535	3.904810837492535	3.904810837492535	3.904810837492535	3.904810837492535	3.904810837492535	3.904810837492535	3.904810837492535	3.904810837492535	3.904810837492535	3.904810837492535	3.904810837492535	3.904810837492535	3.904810837492535	3.904810837492535	3.904810837492535	3.904810837492535	3.904810837492535	3.904810837492535	3.904810837492535	3.904810837492535	3.904810837492535	3.904810837492535	3.904810837492535	3.904810837492535	3.904810837492535	3.904810837492535	3.904810837492535	3.904810837492535	3.904810837492535	3.904810837492535	3.904810837492535	3.904810837492535	3.904810837492535	3.904810837492535	3.904810837492535	3.904810837492535	3.904810837492535	3.904810837492535	3.904810837492535	3.904810837492535	3.904810837492535	3.904810837492535	3.904810837492535	3.904810837492535	3.904810837492535	3.904810837492535	3.904810837492535	3.904810837492535	3.904810837492535	3.904810837492535	3.904810837492535	3.904810837492535	3.904810837492535	3.904810837492535	3.904810837492535	3.904810837492535	3.904810837492535	3.904810837492535	3.904810837492535	3.904810837492535	3.904810837492535	3.904810837492535	3.904810837492535	3.904810837492535	3.904810837492535	3.904810837492535	3.904810837492535	3.904810837492535	3.904810837492535	3.904810837492535	3.904810837492535	3.904810837492535	3.904810837492535	3.904810837492535	3.904810837492535	3.904810837492535	3.904810837492535	3.904810837492535	3.904810837492535	3.904810837492535	3.904810837492535	3.904810837492535	3.904810837492535	3.904810837492535
7.7624711662869155	7.7624711662869155	7.7624711662869155	7.7624711662869155	7.7624711662869155	7.7624711662869155	7.7624711662869155	7.7624711662869155	7.7624711662869155	7.7624711662869155	7.7624711662869155	7.7624711662869155	7.7624711662869155	7.7624711662869155	7.7624711662869155	7.7624711662869155	7.7624711662869155	7.7624711662869155	7.7624711662869155	7.7624711662869155	7.7624711662869155	7.7624711662869155	7.7624711662869155	7.7624711662869155	7.7624711662869155	7.7624711662869155	7.7624711662869155	7.7624711662869155	7.7624711662869155	7.7624711662869155	7.7624711662869155	7.7624711662869155	7.7624711662869155	7.7624711662869155	7.7624711662869155	7.7624711662869155	7.7624711662869155	7.7624711662869155	7.7624711662869155	7.7624711662869155	7.7624711662869155	7.7624711662869155	7.7624711662869155	7.7624711662869155	7.7624711662869155	7.7624711662869155	7.7624711662869155	7.7624711662869155	7.7624711662869155	7.7624711662869155	7.7624711662869155	7.7624711662869155	7.7624711662869155	7.7624711662869155	7.7624711662869155	7.7624711662869155	7.7624711662869155	7.7624711662869155	7.7624711662869155	7.7624711662869155	7.7624711662869155	7.7624711662869155	7.7624711662869155	7.7624711662869155	7.7624711662869155	7.7624711662869155	7.7624711662869155	7.7624711662869155	7.7624711662869155	7.7624711662869155	7.7624711662869155	7.7624711662869155	7.7624711662869155	7.7624711662869155	7.7624711662869155	7.7624711662869155	7.7624711662869155	7.7624711662869155	7.7624711662869155	7.7624711662869155	7.7624711662869155	7.7624711662869155	7.7624711662869155	7.7624711662869155	7.7624711662869155	7.7624711662869155	7.7624711662869155	7.7624711662869155	7.7624711662869155	7.7624711662869155	7.7624711662869155	7.7624711662869155	7.7624711662869155	7.7624711662869155	7.7624711662869155	7.7624711662869155	7.7624711662869155
15.459662193866741	15.459662193866741	15.459662193866741	15.459662193866741	15.459662193866741	15.459662193866741	15.459662193866741	15.459662193866741	15.459662193866741	15.459662193866741	15.459662193866741	15.459662193866741	15.459662193866741	15.459662193866741	15.459662193866741	15.459662193866741	15.459662193866741	15.459662193866741	15.459662193866741	15.459662193866741	15.459662193866741	15.459662193866741	15.459662193866741	15.459662193866741	15.459662193866741	15.459662193866741	15.459662193866741	15.459662193866741	15.459662193866741	15.459662193866741	15.459662193866741	15.459662193866741	15.459662193866741	15.459662193866741	15.459662193866741	15.459662193866741	15.459662193866741	15.459662193866741	15.459662193866741	15.459662193866741	15.459662193866741	15.459662193866741	15.459662193866741	15.459662193866741	15.459662193866741	15.459662193866741	15.459662193866741	15.459662193866741	15.459662193866741	15.459662193866741	15.459662193866741	15.459662193866741	15.459662193866741	15.459662193866741	15.459662193866741	15.459662193866741	15.459662193866741	15.459662193866741	15.459662193866741	15.459662193866741	15.459662193866741	15.459662193866741	15.459662193866741	15.459662193866741	15.459662193866741	15.459662193866741	15.459662193866741	15.459662193866741	15.459662193866741	15.459662193866741	15.459662193866741	15.459662193866741	15.459662193866741	15.459662193866741	15.459662193866741	15.459662193866741	15.459662193866741	15.459662193866741	15.459662193866741	15.459662193866741	15.459662193866741	15.459662193866741	15.459662193866741	15.459662193866741	15.459662193866741	15.459662193866741	15.459662193866741	15.459662193866741	15.459662193866741	15.459662193866741	15.459662193866741	15.459662193866741	15.459662193866741	15.459662193866741	15.459662193866741	15.459662193866741	15.459662193866741
30.86028979436063	30.86028979436063	30.86028979436063	30.86028979436063	30.86028979436063	30.86028979436063	30.86028979436063	30.86028979436063	30.86028979436063	30.86028979436063	30.86028979436063	30.86028979436063	30.86028979436063	30.86028979436063	30.86028979436063	30.86028979436063	30.86028979436063	30.86028979436063	30.86028979436063	30.86028979436063	30.86028979436063	30.86028979436063	30.86028979436063	30.86028979436063	30.86028979436063	30.86028979436063	30.86028979436063	30.86028979436063	30.86028979436063	30.86028979436063	30.86028979436063	30.86028979436063	30.86028979436063	30.86028979436063	30.86028979436063	30.86028979436063	30.86028979436063	30.86028979436063	30.86028979436063	30.86028979436063	30.86028979436063	30.86028979436063	30.86028979436063	30.86028979436063	30.86028979436063	30.86028979436063	30.86028979436063	30.86028979436063	30.86028979436063	30.86028979436063	30.86028979436063	30.86028979436063	30.86028979436063	30.86028979436063	30.86028979436063	30.86028979436063	30.86028979436063	30.86028979436063	30.86028979436063	30.86028979436063	30.86028979436063	30.86028979436063	30.86028979436063	30.86028979436063	30.86028979436063	30.86028979436063	30.86028979436063	30.86028979436063	30.86028979436063	30.86028979436063	30.86028979436063	30.86028979436063	30.86028979436063	30.86028979436063	30.86028979436063	30.86028979436063	30.86028979436063	30.86028979436063	30.86028979436063	30.86028979436063	30.86028979436063	30.86028979436063	30.86028979436063	30.86028979436063	30.86028979436063	30.86028979436063	30.86028979436063	30.86028979436063	30.86028979436063	30.86028979436063	30.86028979436063	30.86028979436063	30.86028979436063	30.86028979436063	30.86028979436063	30.86028979436063	30.86028979436063
61.80164001384157	61.80164001384157	61.80164001384157	61.80164001384157	61.80164001384157	61.80164001384157	61.80164001384157	61.80164001384157	61.80164001384157	61.80164001384157	61.80164001384157	61.80164001384157	61.80164001384157	61.80164001384157	61.80164001384157	61.80164001384157	61.80164001384157	61.80164001384157	61.80164001384157	61.80164001384157	61.80164001384157	61.80164001384157	61.80164001384157	61.80164001384157	61.80164001384157	61.80164001384157	61.80164001384157	61.80164001384157	61.80164001384157	61.80164001384157	61.80164001384157	61.80164001384157	61.80164001384157	61.80164001384157	61.80164001384157	61.80164001384157	61.80164001384157	61.80164001384157	61.80164001384157	61.80164001384157	61.80164001384157	61.80164001384157	61.80164001384157	61.80164001384157	61.80164001384157	61.80164001384157	61.80164001384157	61.80164001384157	61.80164001384157	61.80164001384157	61.80164001384157	61.80164001384157	61.80164001384157	61.80164001384157	61.80164001384157	61.80164001384157	61.80164001384157	61.80164001384157	61.80164001384157	61.80164001384157	61.80164001384157	61.80164001384157	61.80164001384157	61.80164001384157	61.80164001384157	61.80164001384157	61.80164001384157	61.80164001384157	61.80164001384157	61.80164001384157	61.80164001384157	61.80164001384157	61.80164001384157	61.80164001384157	61.80164001384157	61.80164001384157	61.80164001384157	61.80164001384157	61.80164001384157	61.80164001384157	61.80164001384157	61.80164001384157	61.80164001384157	61.80164001384157	61.80164001384157	61.80164001384157	61.80164001384157	61.80164001384157	61.80164001384157	61.80164001384157	61.80164001384157	61.80164001384157	61.80164001384157	61.80164001384157	61.80164001384157	61.80164001384157	61.80164001384157
124.33688991553039	124.33688991553039	124.33688991553039	124.33688991553039	124.33688991553039	124.33688991553039	124.33688991553039	124.33688991553039	124.33688991553039	124.33688991553039	124.33688991553039	124.33688991553039	124.33688991553039	124.33688991553039	124.33688991553039	124.33688991553039	124.33688991553039	124.33688991553039	124.33688991553039	124.33688991553039	124.33688991553039	124.33688991553039	124.33688991553039	124.33688991553039	124.33688991553039	124.33688991553039	124.33688991553039	124.33688991553039	124.33688991553039	124.33688991553039	124.33688991553039	124.33688991553039	124.33688991553039	124.33688991553039	124.33688991553039	124.33688991553039	124.33688991553039	124.33688991553039	124.33688991553039	124.33688991553039	124.33688991553039	124.33688991553039	124.33688991553039	124.33688991553039	124.33688991553039	124.33688991553039	124.33688991553039	124.33688991553039	124.33688991553039	124.33688991553039	124.33688991553039	124.33688991553039	124.33688991553039	124.33688991553039	124.33688991553039	124.33688991553039	124.33688991553039	124.33688991553039	124.33688991553039	124.33688991553039	124.33688991553039	124.33688991553039	124.33688991553039	124.33688991553039	124.33688991553039	124.33688991553039	124.33688991553039	124.33688991553039	124.33688991553039	124.33688991553039	124.33688991553039	124.33688991553039	124.33688991553039	124.33688991553039	124.33688991553039	124.33688991553039	124.33688991553039	124.33688991553039	124.33688991553039	124.33688991553039	124.33688991553039	124.33688991553039	124.33688991553039	124.33688991553039	124.33688991553039	124.33688991553039	124.33688991553039	124.33688991553039	124.33688991553039	124.33688991553039	124.33688991553039	124.33688991553039	124.33688991553039	124.33688991553039	124.33688991553039	124.33688991553039	124.33688991553039
251.59383786927125	251.59383786927125	251.65177616146423	251.65177616146423	251.65177616146423	251.65177616146423	251.65177616146423	251.65177616146423	251.65177616146423	251.65177616146423	251.65177616146423	251.65177616146423	251.65177616146423	251.65177616146423	251.65177616146423	251.65177616146423	251.65177616146423	251.65177616146423	251.65177616146423	251.65177616146423	251.65177616146423	251.65177616146423	251.65177616146423	251.65177616146423	251.65177616146423	251.65177616146423	251.65177616146423	251.65177616146423	251.65177616146423	251.65177616146423	251.65177616146423	251.65177616146423	251.65177616146423	251.65177616146423	251.65177616146423	251.65177616146423	251.65177616146423	251.65177616146423	251.65177616146423	251.65177616146423	251.65177616146423	251.65177616146423	251.65177616146423	251.65177616146423	251.65177616146423	251.65177616146423	251.65177616146423	251.65177616146423	251.65177616146423	251.65177616146423	251.65177616146423	251.65177616146423	251.65177616146423	251.65177616146423	251.65177616146423	251.65177616146423	251.65177616146423	251.65177616146423	251.65177616146423	251.65177616146423	251.65177616146423	251.65177616146423	251.65177616146423	251.65177616146423	251.65177616146423	251.65177616146423	251.65177616146423	251.65177616146423	251.65177616146423	251.65177616146423	251.65177616146423	251.65177616146423	251.65177616146423	251.65177616146423	251.65177616146423	251.65177616146423	251.65177616146423	251.65177616146423	251.65177616146423	251.65177616146423	251.65177616146423	251.65177616146423	251.65177616146423	251.65177616146423	251.65177616146423	251.65177616146423	251.65177616146423	251.65177616146423	251.65177616146423	251.65177616146423	251.65177616146423	251.65177616146423	251.65177616146423	251.65177616146423	251.65177616146423	251.65177616146423	251.65177616146423
513.4521775029667	513.4521775029667	513.4521775029667	513.4521775029667	513.4521775029667	513.4521775029667	513.4521775029667	513.4521775029667	513.4521775029667	513.4521775029667	513.4521775029667	513.4521775029667	513.4521775029667	513.4521775029667	513.4521775029667	513.4521775029667	513.4521775029667	513.4521775029667	513.4521775029667	513.4521775029667	513.4521775029667	513.4521775029667	513.4521775029667	513.4521775029667	513.4521775029667	513.4521775029667	513.4521775029667	513.4521775029667	513.4521775029667	513.4521775029667	513.4521775029667	513.4521775029667	513.4521775029667	513.4521775029667	513.4521775029667	513.4521775029667	513.4521775029667	513.4521775029667	513.4521775029667	513.4521775029667	513.4521775029667	513.4521775029667	513.4521775029667	513.4521775029667	513.4521775029667	513.4521775029667	513.4521775029667	513.4521775029667	513.4521775029667	513.4521775029667	513.4521775029667	513.4521775029667	513.4521775029667	513.4521775029667	513.4521775029667	513.4521775029667	513.4521775029667	513.4521775029667	513.4521775029667	513.4521775029667	513.4521775029667	513.4521775029667	513.4521775029667	513.4521775029667	513.4521775029667	513.4521775029667	513.4521775029667	513.4521775029667	513.4521775029667	513.4521775029667	513.4521775029667	513.4521775029667	513.4521775029667	513.4521775029667	513.4521775029667	513.4521775029667	513.4521775029667	513.4521775029667	513.4521775029667	513.4521775029667	513.4521775029667	513.4521775029667	513.4521775029667	513.4521775029667	513.4521775029667	513.4521775029667	513.4521775029667	513.4521775029667	513.4521775029667	513.4521775029667	513.4521775029667	513.4521775029667	513.4521775029667	513.4521775029667	513.4521775029667	513.4521775029667	513.4521775029667
1059.0098510716805	1059.0098510716805	1059.0098510716805	1059.0098510716805	1059.0098510716805	1059.0098510716805	1059.0098510716805	1059.0098510716805	1059.0098510716805	1059.0098510716805	1059.0098510716805	1059.0098510716805	1059.0098510716805	1059.0098510716805	1059.0098510716805	1059.0098510716805	1059.0098510716805	1059.0098510716805	1059.0098510716805	1059.0098510716805	1059.0098510716805	1059.0098510716805	1059.0098510716805	1059.0098510716805	1059.0098510716805	1059.0098510716805	1059.0098510716805	1059.0098510716805	1059.0098510716805	1059.0098510716805	1059.0098510716805	1059.0098510716805	1059.0098510716805	1059.0098510716805	1059.0098510716805	1059.0098510716805	1059.0098510716805	1059.0098510716805	1059.0098510716805	1059.0098510716805	1059.0098510716805	1059.0098510716805	1059.0098510716805	1059.0098510716805	1059.0098510716805	1059.0098510716805	1059.0098510716805	1059.0098510716805	1059.0098510716805	1059.0098510716805	1059.0098510716805	1059.0098510716805	1059.0098510716805	1059.0098510716805	1059.0098510716805	1059.0098510716805	1059.0098510716805	1059.0098510716805	1059.0098510716805	1059.0098510716805	1059.0098510716805	1059.0098510716805	1059.0098510716805	1059.0098510716805	1059.0098510716805	1059.0098510716805	1059.0098510716805	1059.0098510716805	1059.0098510716805	1059.0098510716805	1059.0098510716805	1059.0098510716805	1059.0098510716805	1059.0098510716805	1059.0098510716805	1059.0098510716805	1059.0098510716805	1059.0098510716805	1059.0098510716805	1059.0098510716805	1059.0098510716805	1059.0098510716805	1059.0098510716805	1059.0098510716805	1059.0098510716805	1059.0098510716805	1059.0098510716805	1059.0098510716805	1059.0098510716805	1059.0098510716805	1059.0098510716805	1059.0098510716805	1059.0098510716805	1059.0098510716805	1059.0098510716805	1059.0098510716805	1059.0098510716805
2215.133984137192	2215.133984137192	2215.133984137192	2215.133984137192	2215.133984137192	2215.133984137192	2215.133984137192	2215.133984137192	2215.133984137192	2215.133984137192	2215.133984137192	2215.133984137192	2215.133984137192	2215.133984137192	2215.133984137192	2215.133984137192	2215.133984137192	2215.133984137192	2215.133984137192	2215.133984137192	2215.133984137192	2215.133984137192	2215.133984137192	2215.133984137192	2215.133984137192	2215.133984137192	2215.133984137192	2215.133984137192	2215.133984137192	2215.133984137192	2215.133984137192	2215.133984137192	2215.133984137192	2215.133984137192	2215.133984137192	2215.133984137192	2215.133984137192	2215.133984137192	2215.133984137192	2215.133984137192	2215.133984137192	2215.133984137192	2215.133984137192	2215.133984137192	2215.133984137192	2215.133984137192	2215.133984137192	2215.133984137192	2215.133984137192	2215.133984137192	2215.133984137192	2215.133984137192	2215.133984137192	2215.133984137192	2215.133984137192	2215.133984137192	2215.133984137192	2215.133984137192	2215.133984137192	2215.133984137192	2215.133984137192	2215.133984137192	2215.133984137192	2215.133984137192	2215.133984137192	2215.133984137192	2215.133984137192	2215.133984137192	2215.133984137192	2215.133984137192	2215.133984137192	2215.133984137192	2215.133984137192	2215.133984137192	2215.133984137192	2215.133984137192	2215.133984137192	2215.133984137192	2215.133984137192	2215.133984137192	2215.133984137192	2215.133984137192	2215.133984137192	2215.133984137192	2215.133984137192	2215.133984137192	2215.133984137192	2215.133984137192	2215.133984137192	2215.133984137192	2215.133984137192	2215.133984137192	2215.133984137192	2215.133984137192	2215.133984137192	2215.133984137192	2215.133984137192
4715.198713364475	4715.198713364475	4715.198713364475	4715.198713364475	4715.198713364475	4715.198713364475	4715.198713364475	4715.198713364475	4715.198713364475	4715.198713364475	4715.198713364475	4715.198713364475	4715.198713364475	4715.198713364475	4715.198713364475	4715.198713364475	4715.198713364475	4715.198713364475	4715.198713364475	4715.198713364475	4715.198713364475	4715.198713364475	4715.198713364475	4715.198713364475	4715.198713364475	4715.198713364475	4715.198713364475	4715.198713364475	4715.198713364475	4715.198713364475	4715.198713364475	4715.198713364475	4715.198713364475	4715.198713364475	4715.198713364475	4715.198713364475	4715.198713364475	4715.198713364475	4715.198713364475	4715.198713364475	4715.198713364475	4715.198713364475	4715.198713364475	4715.198713364475	4715.198713364475	4715.198713364475	4715.198713364475	4715.198713364475	4715.198713364475	4715.198713364475	4715.198713364475	4715.198713364475	4715.198713364475	4715.198713364475	4715.198713364475	4715.198713364475	4715.198713364475	4715.198713364475	4715.198713364475	4715.198713364475	4715.198713364475	4715.198713364475	4715.198713364475	4715.198713364475	4715.198713364475	4715.198713364475	4715.198713364475	4715.198713364475	4715.198713364475	4715.198713364475	4715.198713364475	4715.198713364475	4715.198713364475	4715.198713364475	4715.198713364475	4715.198713364475	4715.198713364475	4715.198713364475	4715.198713364475	4715.198713364475	4715.198713364475	4715.198713364475	4715.198713364475	4715.198713364475	4715.198713364475	4715.198713364475	4715.198713364475	4715.198713364475	4715.198713364475	4715.198713364475	4715.198713364475	4715.198713364475	4715.198713364475	4715.198713364475	4715.198713364475	4715.198713364475	4715.198713364475
9416.727433955193	9416.727433955193	9416.727433955193	9416.727433955193	9416.727433955193	9416.727433955193	9416.727433955193	9416.727433955193	9416.727433955193	9416.727433955193	9416.727433955193	9416.727433955193	9416.727433955193	9416.727433955193	9416.727433955193	9416.727433955193	9416.727433955193	9416.727433955193	9416.727433955193	9416.727433955193	9416.727433955193	9416.727433955193	9416.727433955193	9416.727433955193	9416.727433955193	9416.727433955193	9416.727433955193	9416.727433955193	9416.727433955193	9416.727433955193	9416.727433955193	9416.727433955193	9416.727433955193	9416.727433955193	9416.727433955193	9416.727433955193	9416.727433955193	9416.727433955193	9416.727433955193	9416.727433955193	9416.727433955193	9416.727433955193	9416.727433955193	9416.727433955193	9416.727433955193	9416.727433955193	9416.727433955193	9416.727433955193	9416.727433955193	9416.727433955193	9416.727433955193	9416.727433955193	9416.727433955193	9416.727433955193	9416.727433955193	9416.727433955193	9416.727433955193	9416.727433955193	9416.727433955193	9416.727433955193	9416.727433955193	9416.727433955193	9416.727433955193	9416.727433955193	9416.727433955193	9416.727433955193	9416.727433955193	9416.727433955193	9416.727433955193	9416.727433955193	9416.727433955193	9416.727433955193	9416.727433955193	9416.727433955193	9416.727433955193	9416.727433955193	9416.727433955193	9416.727433955193	9416.727433955193	9416.727433955193	9416.727433955193	9416.727433955193	9416.727433955193	9416.727433955193	9416.727433955193	9416.727433955193	9416.727433955193	9416.727433955193	9416.727433955193	9416.727433955193	9416.727433955193	9416.727433955193	9416.727433955193	9416.727433955193	9416.727433955193	9416.727433955193	9416.727433955193
17206.795610302997	17210.758077588467	17210.758077588467	17210.758077588467	17210.758077588467	17210.758077588467	17210.758077588467	17210.758077588467	17210.758077588467	17210.758077588467	17210.758077588467	17210.758077588467	17210.758077588467	17210.758077588467	17210.758077588467	17210.758077588467	17210.758077588467	17210.758077588467	17210.758077588467	17210.758077588467	17210.758077588467	17210.758077588467	17210.758077588467	17210.758077588467	17210.758077588467	17210.758077588467	17210.758077588467	17210.758077588467	17210.758077588467	17210.758077588467	17210.758077588467	17210.758077588467	17210.758077588467	17210.758077588467	17210.758077588467	17210.758077588467	17210.758077588467	17210.758077588467	17210.758077588467	17210.758077588467	17210.758077588467	17210.758077588467	17210.758077588467	17210.758077588467	17210.758077588467	17210.758077588467	17210.758077588467	17210.758077588467	17210.758077588467	17210.758077588467	17210.758077588467	17210.758077588467	17210.758077588467	17210.758077588467	17210.758077588467	17210.758077588467	17210.758077588467	17210.758077588467	17210.758077588467	17210.758077588467	17210.758077588467	17210.758077588467	17210.758077588467	17210.758077588467	17210.758077588467	17210.758077588467	17210.758077588467	17210.758077588467	17210.758077588467	17210.758077588467	17210.758077588467	17210.758077588467	17210.758077588467	17210.758077588467	17210.758077588467	17210.758077588467	17210.758077588467	17210.758077588467	17210.758077588467	17210.758077588467	17210.758077588467	17210.758077588467	17210.758077588467	17210.758077588467	17210.758077588467	17210.758077588467	17210.758077588467	17210.758077588467	17210.758077588467	17210.758077588467	17210.758077588467	17210.758077588467	17210.758077588467	17210.758077588467	17210.758077588467	17210.758077588467	17210.758077588467
31724.880873508835	31724.880873508835	31724.880873508835	31724.880873508835	31724.880873508835	31724.880873508835	31724.880873508835	31724.880873508835	31724.880873508835	31724.880873508835	31724.880873508835	31724.880873508835	31724.880873508835	31724.880873508835	31724.880873508835	31724.880873508835	31724.880873508835	31724.880873508835	31724.880873508835	31724.880873508835	31724.880873508835	31724.880873508835	31724.880873508835	31724.880873508835	31724.880873508835	31724.880873508835	31724.880873508835	31724.880873508835	31724.880873508835	31724.880873508835	31724.880873508835	31724.880873508835	31724.880873508835	31724.880873508835	31724.880873508835	31724.880873508835	31724.880873508835	31724.880873508835	31724.880873508835	31724.880873508835	31724.880873508835	31724.880873508835	31724.880873508835	31724.880873508835	31724.880873508835	31724.880873508835	31724.880873508835	31724.880873508835	31724.880873508835	31724.880873508835	31724.880873508835	31724.880873508835	31724.880873508835	31724.880873508835	31724.880873508835	31724.880873508835	31724.880873508835	31724.880873508835	31724.880873508835	31724.880873508835	31724.880873508835	31724.880873508835	31724.880873508835	31724.880873508835	31724.880873508835	31724.880873508835	31724.880873508835	31724.880873508835	31724.880873508835	31724.880873508835	31724.880873508835	31724.880873508835	31724.880873508835	31724.880873508835	31724.880873508835	31724.880873508835	31724.880873508835	31724.880873508835	31724.880873508835	31724.880873508835	31724.880873508835	31724.880873508835	31724.880873508835	31724.880873508835	31724.880873508835	31724.880873508835	31724.880873508835	31724.880873508835	31724.880873508835	31724.880873508835	31724.880873508835	31724.880873508835	31724.880873508835	31724.880873508835	31724.880873508835	31724.880873508835	31724.880873508835
60645.69815101366	60645.69815101366	60645.69815101366	60645.69815101366	60659.66394687526	60659.66394687526	60659.66394687526	60659.66394687526	60659.66394687526	60659.66394687526	60659.66394687526	60659.66394687526	60659.66394687526	60659.66394687526	60659.66394687526	60659.66394687526	60659.66394687526	60659.66394687526	60659.66394687526	60659.66394687526	60659.66394687526	60659.66394687526	60659.66394687526	60659.66394687526	60659.66394687526	60659.66394687526	60659.66394687526	60659.66394687526	60659.66394687526	60659.66394687526	60659.66394687526	60659.66394687526	60659.66394687526	60659.66394687526	60659.66394687526	60659.66394687526	60659.66394687526	60659.66394687526	60659.66394687526	60659.66394687526	60659.66394687526	60659.66394687526	60659.66394687526	60659.66394687526	60659.66394687526	60659.66394687526	60659.66394687526	60659.66394687526	60659.66394687526	60659.66394687526	60659.66394687526	60659.66394687526	60659.66394687526	60659.66394687526	60659.66394687526	60659.66394687526	60659.66394687526	60659.66394687526	60659.66394687526	60659.66394687526	60659.66394687526	60659.66394687526	60659.66394687526	60659.66394687526	60659.66394687526	60659.66394687526	60659.66394687526	60659.66394687526	60659.66394687526	60659.66394687526	60659.66394687526	60659.66394687526	60659.66394687526	60659.66394687526	60659.66394687526	60659.66394687526	60659.66394687526	60659.66394687526	60659.66394687526	60659.66394687526	60659.66394687526	60659.66394687526	60659.66394687526	60659.66394687526	60659.66394687526	60659.66394687526	60659.66394687526	60659.66394687526	60659.66394687526	60659.66394687526	60659.66394687526	60659.66394687526	60659.66394687526	60659.66394687526	60659.66394687526	60659.66394687526	60659.66394687526
117030.75316688354	117030.75316688354	117030.75316688354	117030.75316688354	117030.75316688354	117030.75316688354	117030.75316688354	117030.75316688354	117030.75316688354	117030.75316688354	117030.75316688354	117030.75316688354	117030.75316688354	117030.75316688354	117030.75316688354	117030.75316688354	117030.75316688354	117030.75316688354	117030.75316688354	117030.75316688354	117030.75316688354	117030.75316688354	117030.75316688354	117030.75316688354	117030.75316688354	117030.75316688354	117030.75316688354	117030.75316688354	117030.75316688354	117030.75316688354	117030.75316688354	117030.75316688354	117030.75316688354	117030.75316688354	117030.75316688354	117030.75316688354	117030.75316688354	117030.75316688354	117030.75316688354	117030.75316688354	117030.75316688354	117030.75316688354	117030.75316688354	117030.75316688354	117030.75316688354	117030.75316688354	117030.75316688354	117030.75316688354	117030.75316688354	117030.75316688354	117030.75316688354	117030.75316688354	117030.75316688354	117030.75316688354	117030.75316688354	117030.75316688354	117030.75316688354	117030.75316688354	117030.75316688354	117030.75316688354	117030.75316688354	117030.75316688354	117030.75316688354	117030.75316688354	117030.75316688354	117030.75316688354	117030.75316688354	117030.75316688354	117030.75316688354	117030.75316688354	117030.75316688354	117030.75316688354	117030.75316688354	117030.75316688354	117030.75316688354	117030.75316688354	117030.75316688354	117030.75316688354	117030.75316688354	117030.75316688354	117030.75316688354	117030.75316688354	117030.75316688354	117030.75316688354	117030.75316688354	117030.75316688354	117030.75316688354	117030.75316688354	117030.75316688354	117030.75316688354	117030.75316688354	117030.75316688354	117030.75316688354	117030.75316688354	117030.75316688354	117030.75316688354	117030.75316688354
225216.39369563016	225216.39369563016	225216.39369563016	225216.39369563016	225216.39369563016	225216.39369563016	225216.39369563016	225216.39369563016	225216.39369563016	225216.39369563016	225216.39369563016	225216.39369563016	225216.39369563016	225216.39369563016	225216.39369563016	225216.39369563016	225216.39369563016	225216.39369563016	225216.39369563016	225216.39369563016	225216.39369563016	225216.39369563016	225216.39369563016	225216.39369563016	225216.39369563016	225216.39369563016	225216.39369563016	225216.39369563016	225216.39369563016	225216.39369563016	225216.39369563016	225216.39369563016	225216.39369563016	225216.39369563016	225216.39369563016	225216.39369563016	225216.39369563016	225216.39369563016	225216.39369563016	225216.39369563016	225216.39369563016	225216.39369563016	225216.39369563016	225216.39369563016	225216.39369563016	225216.39369563016	225216.39369563016	225216.39369563016	225216.39369563016	225216.39369563016	225216.39369563016	225216.39369563016	225216.39369563016	225216.39369563016	225216.39369563016	225216.39369563016	225216.39369563016	225216.39369563016	225216.39369563016	225216.39369563016	225216.39369563016	225216.39369563016	225216.39369563016	225216.39369563016	225216.39369563016	225216.39369563016	225216.39369563016	225216.39369563016	225216.39369563016	225216.39369563016	225216.39369563016	225216.39369563016	225216.39369563016	225216.39369563016	225216.39369563016	225216.39369563016	225216.39369563016	225216.39369563016	225216.39369563016	225216.39369563016	225216.39369563016	225216.39369563016	225216.39369563016	225216.39369563016	225216.39369563016	225216.39369563016	225216.39369563016	225216.39369563016	225216.39369563016	225216.39369563016	225216.39369563016	225216.39369563016	225216.39369563016	225216.39369563016	225216.39369563016	225216.39369563016	225216.39369563016
417061.40312672214	417061.40312672214	417061.40312672214	417061.40312672214	417061.40312672214	417061.40312672214	417061.40312672214	417061.40312672214	417061.40312672214	417061.40312672214	417061.40312672214	417061.40312672214	417061.40312672214	417061.40312672214	417061.40312672214	417061.40312672214	417061.40312672214	417061.40312672214	417061.40312672214	417061.40312672214	417061.40312672214	417061.40312672214	417061.40312672214	417061.40312672214	417061.40312672214	417061.40312672214	417061.40312672214	417061.40312672214	417061.40312672214	417061.40312672214	417061.40312672214	417061.40312672214	417061.40312672214	417061.40312672214	417061.40312672214	417061.40312672214	417061.40312672214	417061.40312672214	417061.40312672214	417061.40312672214	417061.40312672214	417061.40312672214	417061.40312672214	417061.40312672214	417061.40312672214	417061.40312672214	417061.40312672214	417061.40312672214	417061.40312672214	417061.40312672214	417061.40312672214	417061.40312672214	417061.40312672214	417061.40312672214	417061.40312672214	417061.40312672214	417061.40312672214	417061.40312672214	417061.40312672214	417061.40312672214	417061.40312672214	417061.40312672214	417061.40312672214	417061.40312672214	417061.40312672214	417061.40312672214	417061.40312672214	417061.40312672214	417061.40312672214	417061.40312672214	417061.40312672214	417061.40312672214	417061.40312672214	417061.40312672214	417061.40312672214	417061.40312672214	417061.40312672214	417061.40312672214	417061.40312672214	417061.40312672214	417061.40312672214	417061.40312672214	417061.40312672214	417061.40312672214	417061.40312672214	417061.40312672214	417061.40312672214	417061.40312672214	417061.40312672214	417061.40312672214	417061.40312672214	417061.40312672214	417061.40312672214	417061.40312672214	417061.40312672214	417061.40312672214	417061.40312672214
707619.8383597899	707619.8383597899	707619.8383597899	707619.8383597899	707619.8383597899	707619.8383597899	707619.8383597899	707619.8383597899	707619.8383597899	707619.8383597899	707619.8383597899	707619.8383597899	707619.8383597899	707619.8383597899	707619.8383597899	707619.8383597899	707619.8383597899	707619.8383597899	707619.8383597899	707619.8383597899	707619.8383597899	707619.8383597899	707619.8383597899	707619.8383597899	707619.8383597899	707619.8383597899	707619.8383597899	707619.8383597899	707619.8383597899	707619.8383597899	707619.8383597899	707619.8383597899	707619.8383597899	707619.8383597899	707619.8383597899	707619.8383597899	707619.8383597899	707619.8383597899	707619.8383597899	707619.8383597899	707619.8383597899	707619.8383597899	707619.8383597899	707619.8383597899	707619.8383597899	707619.8383597899	707619.8383597899	707619.8383597899	707619.8383597899	707619.8383597899	707619.8383597899	707619.8383597899	707619.8383597899	707619.8383597899	707619.8383597899	707619.8383597899	707619.8383597899	707619.8383597899	707619.8383597899	707619.8383597899	707619.8383597899	707619.8383597899	707619.8383597899	707619.8383597899	707619.8383597899	707619.8383597899	707619.8383597899	707619.8383597899	707619.8383597899	707619.8383597899	707619.8383597899	707619.8383597899	707619.8383597899	707619.8383597899	707619.8383597899	707619.8383597899	707619.8383597899	707619.8383597899	707619.8383597899	707619.8383597899	707619.8383597899	707619.8383597899	707619.8383597899	707619.8383597899	707619.8383597899	707619.8383597899	707619.8383597899	707619.8383597899	707619.8383597899	707619.8383597899	707619.8383597899	707619.8383597899	707619.8383597899	707619.8383597899	707619.8383597899	707619.8383597899	707619.8383597899
1072506.6656157041	1072506.6656157041	1072506.6656157041	1072506.6656157041	1072506.6656157041	1072506.6656157041	1072506.6656157041	1072506.6656157041	1072506.6656157041	1072506.6656157041	1072506.6656157041	1072506.6656157041	1072506.6656157041	1072506.6656157041	1072506.6656157041	1072506.6656157041	1072506.6656157041	1072506.6656157041	1072506.6656157041	1072506.6656157041	1072506.6656157041	1072506.6656157041	1072506.6656157041	1072506.6656157041	1072506.6656157041	1072506.6656157041	1072506.6656157041	1072506.6656157041	1072506.6656157041	1072506.6656157041	1072506.6656157041	1072506.6656157041	1072506.6656157041	1072506.6656157041	1072506.6656157041	1072506.6656157041	1072506.6656157041	1072506.6656157041	1072506.6656157041	1072506.6656157041	1072506.6656157041	1072506.6656157041	1072506.6656157041	1072506.6656157041	1072506.6656157041	1072506.6656157041	1072506.6656157041	1072506.6656157041	1072506.6656157041	1072506.6656157041	1072506.6656157041	1072506.6656157041	1072506.6656157041	1072506.6656157041	1072506.6656157041	1072506.6656157041	1072506.6656157041	1072506.6656157041	1072506.6656157041	1072506.6656157041	1072506.6656157041	1072506.6656157041	1072506.6656157041	1072506.6656157041	1072506.6656157041	1072506.6656157041	1072506.6656157041	1072506.6656157041	1072506.6656157041	1072506.6656157041	1072506.6656157041	1072506.6656157041	1072506.6656157041	1072506.6656157041	1072506.6656157041	1072506.6656157041	1072506.6656157041	1072506.6656157041	1072506.6656157041	1072506.6656157041	1072506.6656157041	1072506.6656157041	1072506.6656157041	1072506.6656157041	1072506.6656157041	1072506.6656157041	1072506.6656157041	1072506.6656157041	1072506.6656157041	1072506.6656157041	1072506.6656157041	1072506.6656157041	1072506.6656157041	1072506.6656157041	1072506.6656157041	1072506.6656157041	1072506.6656157041
1470618.4154045617	1470618.4154045617	1470618.4154045617	1470618.4154045617	1470618.4154045617	1470618.4154045617	1470618.4154045617	1470618.4154045617	1470618.4154045617	1470618.4154045617	1470618.4154045617	1470618.4154045617	1470618.4154045617	1470618.4154045617	1470618.4154045617	1470618.4154045617	1470618.4154045617	1470618.4154045617	1470618.4154045617	1470618.4154045617	1470618.4154045617	1470618.4154045617	1470618.4154045617	1470618.4154045617	1470618.4154045617	1470618.4154045617	1470618.4154045617	1470618.4154045617	1470618.4154045617	1470618.4154045617	1470618.4154045617	1470618.4154045617	1470618.4154045617	1470618.4154045617	1470618.4154045617	1470618.4154045617	1470618.4154045617	1470618.4154045617	1470618.4154045617	1470618.4154045617	1470618.4154045617	1470618.4154045617	1470618.4154045617	1470618.4154045617	1470618.4154045617	1470618.4154045617	1470618.4154045617	1470618.4154045617	1470618.4154045617	1470618.4154045617	1470618.4154045617	1470618.4154045617	1470618.4154045617	1470618.4154045617	1470618.4154045617	1470618.4154045617	1470618.4154045617	1470618.4154045617	1470618.4154045617	1470618.4154045617	1470618.4154045617	1470618.4154045617	1470618.4154045617	1470618.4154045617	1470618.4154045617	1470618.4154045617	1470618.4154045617	1470618.4154045617	1470618.4154045617	1470618.4154045617	1470618.4154045617	1470618.4154045617	1470618.4154045617	1470618.4154045617	1470618.4154045617	1470618.4154045617	1470618.4154045617	1470618.4154045617	1470618.4154045617	1470618.4154045617	1470618.4154045617	1470618.4154045617	1470618.4154045617	1470618.4154045617	1470618.4154045617	1470618.4154045617	1470618.4154045617	1470618.4154045617	1470618.4154045617	1470618.4154045617	1470618.4154045617	1470618.4154045617	1470618.4154045617	1470618.4154045617	1470618.4154045617	1470618.4154045617	1470618.4154045617
1875426.2912167567	1875426.2912167567	1875426.2912167567	1875426.2912167567	1875426.2912167567	1875426.2912167567	1875426.2912167567	1875426.2912167567	1875426.2912167567	1875426.2912167567	1875426.2912167567	1875426.2912167567	1875426.2912167567	1875426.2912167567	1875426.2912167567	1875426.2912167567	1875426.2912167567	1875426.2912167567	1875426.2912167567	1875426.2912167567	1875426.2912167567	1875426.2912167567	1875426.2912167567	1875426.2912167567	1875426.2912167567	1875426.2912167567	1875426.2912167567	1875426.2912167567	1875426.2912167567	1875426.2912167567	1875426.2912167567	1875426.2912167567	1875426.2912167567	1875426.2912167567	1875426.2912167567	1875426.2912167567	1875426.2912167567	1875426.2912167567	1875426.2912167567	1875426.2912167567	1875426.2912167567	1875426.2912167567	1875426.2912167567	1875426.2912167567	1875426.2912167567	1875426.2912167567	1875426.2912167567	1875426.2912167567	1875426.2912167567	1875426.2912167567	1875426.2912167567	1875426.2912167567	1875426.2912167567	1875426.2912167567	1875426.2912167567	1875426.2912167567	1875426.2912167567	1875426.2912167567	1875426.2912167567	1875426.2912167567	1875426.2912167567	1875426.2912167567	1875426.2912167567	1875426.2912167567	1875426.2912167567	1875426.2912167567	1875426.2912167567	1875426.2912167567	1875426.2912167567	1875426.2912167567	1875426.2912167567	1875426.2912167567	1875426.2912167567	1875426.2912167567	1875426.2912167567	1875426.2912167567	1875426.2912167567	1875426.2912167567	1875426.2912167567	1875426.2912167567	1875426.2912167567	1875426.2912167567	1875426.2912167567	1875426.2912167567	1875426.2912167567	1875426.2912167567	1875426.2912167567	1875426.2912167567	1875426.2912167567	1875426.2912167567	1875426.2912167567	1875426.2912167567	1875426.2912167567	1875426.2912167567	1875426.2912167567	1875426.2912167567	1875426.2912167567
2270910.40400683	2270910.40400683	2270910.40400683	2270910.40400683	2270910.40400683	2270910.40400683	2270910.40400683	2270910.40400683	2270910.40400683	2270910.40400683	2270910.40400683	2270910.40400683	2270910.40400683	2270910.40400683	2270910.40400683	2270910.40400683	2270910.40400683	2270910.40400683	2270910.40400683	2270910.40400683	2270910.40400683	2270910.40400683	2270910.40400683	2270910.40400683	2270910.40400683	2270910.40400683	2270910.40400683	2270910.40400683	2270910.40400683	2270910.40400683	2270910.40400683	2270910.40400683	2270910.40400683	2270910.40400683	2270910.40400683	2270910.40400683	2270910.40400683	2270910.40400683	2270910.40400683	2270910.40400683	2270910.40400683	2270910.40400683	2270910.40400683	2270910.40400683	2270910.40400683	2270910.40400683	2270910.40400683	2270910.40400683	2270910.40400683	2270910.40400683	2270910.40400683	2270910.40400683	2270910.40400683	2270910.40400683	2270910.40400683	2270910.40400683	2270910.40400683	2270910.40400683	2270910.40400683	2270910.40400683	2270910.40400683	2270910.40400683	2270910.40400683	2270910.40400683	2270910.40400683	2270910.40400683	2270910.40400683	2270910.40400683	2270910.40400683	2270910.40400683	2270910.40400683	2270910.40400683	2270910.40400683	2270910.40400683	2270910.40400683	2270910.40400683	2270910.40400683	2270910.40400683	2270910.40400683	2270910.40400683	2270910.40400683	2270910.40400683	2270910.40400683	2270910.40400683	2270910.40400683	2270910.40400683	2270910.40400683	2270910.40400683	2270910.40400683	2270910.40400683	2270910.40400683	2270910.40400683	2270910.40400683	2270910.40400683	2270910.40400683	2270910.40400683	2270910.40400683
2638760.6553132706	2638760.6553132706	2638760.6553132706	2638760.6553132706	2638760.6553132706	2638760.6553132706	2638760.6553132706	2638760.6553132706	2638760.6553132706	2638760.6553132706	2638760.6553132706	2638760.6553132706	2638760.6553132706	2638760.6553132706	2638760.6553132706	2638760.6553132706	2638760.6553132706	2638760.6553132706	2638760.6553132706	2638760.6553132706	2638760.6553132706	2638760.6553132706	2638760.6553132706	2638760.6553132706	2638760.6553132706	2638760.6553132706	2638760.6553132706	2638760.6553132706	2638760.6553132706	2638760.6553132706	2638760.6553132706	2638760.6553132706	2638760.6553132706	2638760.6553132706	2638760.6553132706	2638760.6553132706	2638760.6553132706	2638760.6553132706	2638760.6553132706	2638760.6553132706	2638760.6553132706	2638760.6553132706	2638760.6553132706	2638760.6553132706	2638760.6553132706	2638760.6553132706	2638760.6553132706	2638760.6553132706	2638760.6553132706	2638760.6553132706	2638760.6553132706	2638760.6553132706	2638760.6553132706	2638760.6553132706	2638760.6553132706	2638760.6553132706	2638760.6553132706	2638760.6553132706	2638760.6553132706	2638760.6553132706	2638760.6553132706	2638760.6553132706	2638760.6553132706	2638760.6553132706	2638760.6553132706	2638760.6553132706	2638760.6553132706	2638760.6553132706	2638760.6553132706	2638760.6553132706	2638760.6553132706	2638760.6553132706	2638760.6553132706	2638760.6553132706	2638760.6553132706	2638760.6553132706	2638760.6553132706	2638760.6553132706	2638760.6553132706	2638760.6553132706	2638760.6553132706	2638760.6553132706	2638760.6553132706	2638760.6553132706	2638760.6553132706	2638760.6553132706	2638760.6553132706	2638760.6553132706	2638760.6553132706	2638760.6553132706	2638760.6553132706	2638760.6553132706	2638760.6553132706	2638760.6553132706	2638760.6553132706	2638760.6553132706	2638760.6553132706
2949850.457484241	2949850.457484241	2949850.457484241	2949850.457484241	2949850.457484241	2949850.457484241	2949850.457484241	2949850.457484241	2949850.457484241	2949850.457484241	2949850.457484241	2949850.457484241	2949850.457484241	2949850.457484241	2949850.457484241	2949850.457484241	2949850.457484241	2949850.457484241	2949850.457484241	2949850.457484241	2949850.457484241	2949850.457484241	2949850.457484241	2949850.457484241	2949850.457484241	2949850.457484241	2949850.457484241	2949850.457484241	2949850.457484241	2949850.457484241	2949850.457484241	2949850.457484241	2949850.457484241	2949850.457484241	2949850.457484241	2949850.457484241	2949850.457484241	2949850.457484241	2949850.457484241	2949850.457484241	2949850.457484241	2949850.457484241	2949850.457484241	2949850.457484241	2949850.457484241	2949850.457484241	2949850.457484241	2949850.457484241	2949850.457484241	2949850.457484241	2949850.457484241	2949850.457484241	2949850.457484241	2949850.457484241	2949850.457484241	2949850.457484241	2949850.457484241	2949850.457484241	2949850.457484241	2949850.457484241	2949850.457484241	2949850.457484241	2949850.457484241	2949850.457484241	2949850.457484241	2949850.457484241	2949850.457484241	2949850.457484241	2949850.457484241	2949850.457484241	2949850.457484241	2949850.457484241	2949850.457484241	2949850.457484241	2949850.457484241	2949850.457484241	2949850.457484241	2949850.457484241	2949850.457484241	2949850.457484241	2949850.457484241	2949850.457484241	2949850.457484241	2949850.457484241	2949850.457484241	2949850.457484241	2949850.457484241	2949850.457484241	2949850.457484241	2949850.457484241	2949850.457484241	2949850.457484241	2949850.457484241	2949850.457484241	2949850.457484241	2949850.457484241	2949850.457484241
3185664.23657311	3185664.23657311	3186397.8473281744	3186397.8473281744	3186397.8473281744	3186397.8473281744	3186397.8473281744	3186397.8473281744	3186397.8473281744	3186397.8473281744	3186397.8473281744	3186397.8473281744	3186397.8473281744	3186397.8473281744	3186397.8473281744	3186397.8473281744	3186397.8473281744	3186397.8473281744	3186397.8473281744	3186397.8473281744	3186397.8473281744	3186397.8473281744	3186397.8473281744	3186397.8473281744	3186397.8473281744	3186397.8473281744	3186397.8473281744	3186397.8473281744	3186397.8473281744	3186397.8473281744	3186397.8473281744	3186397.8473281744	3186397.8473281744	3186397.8473281744	3186397.8473281744	3186397.8473281744	3186397.8473281744	3186397.8473281744	3186397.8473281744	3186397.8473281744	3186397.8473281744	3186397.8473281744	3186397.8473281744	3186397.8473281744	3186397.8473281744	3186397.8473281744	3186397.8473281744	3186397.8473281744	3186397.8473281744	3186397.8473281744	3186397.8473281744	3186397.8473281744	3186397.8473281744	3186397.8473281744	3186397.8473281744	3186397.8473281744	3186397.8473281744	3186397.8473281744	3186397.8473281744	3186397.8473281744	3186397.8473281744	3186397.8473281744	3186397.8473281744	3186397.8473281744	3186397.8473281744	3186397.8473281744	3186397.8473281744	3186397.8473281744	3186397.8473281744	3186397.8473281744	3186397.8473281744	3186397.8473281744	3186397.8473281744	3186397.8473281744	3186397.8473281744	3186397.8473281744	3186397.8473281744	3186397.8473281744	3186397.8473281744	3186397.8473281744	3186397.8473281744	3186397.8473281744	3186397.8473281744	3186397.8473281744	3186397.8473281744	3186397.8473281744	3186397.8473281744	3186397.8473281744	3186397.8473281744	3186397.8473281744	3186397.8473281744	3186397.8473281744	3186397.8473281744	3186397.8473281744	3186397.8473281744	3186397.8473281744	3186397.8473281744
3360469.824606992	3360469.824606992	3360469.824606992	3360469.824606992	3360469.824606992	3360469.824606992	3360469.824606992	3360469.824606992	3360469.824606992	3360469.824606992	3360469.824606992	3360469.824606992	3360469.824606992	3360469.824606992	3360469.824606992	3360469.824606992	3360469.824606992	3360469.824606992	3360469.824606992	3360469.824606992	3360469.824606992	3360469.824606992	3360469.824606992	3360469.824606992	3360469.824606992	3360469.824606992	3360469.824606992	3360469.824606992	3360469.824606992	3360469.824606992	3360469.824606992	3360469.824606992	3360469.824606992	3360469.824606992	3360469.824606992	3360469.824606992	3360469.824606992	3360469.824606992	3360469.824606992	3360469.824606992	3360469.824606992	3360469.824606992	3360469.824606992	3360469.824606992	3360469.824606992	3360469.824606992	3360469.824606992	3360469.824606992	3360469.824606992	3360469.824606992	3360469.824606992	3360469.824606992	3360469.824606992	3360469.824606992	3360469.824606992	3360469.824606992	3360469.824606992	3360469.824606992	3360469.824606992	3360469.824606992	3360469.824606992	3360469.824606992	3360469.824606992	3360469.824606992	3360469.824606992	3360469.824606992	3360469.824606992	3360469.824606992	3360469.824606992	3360469.824606992	3360469.824606992	3360469.824606992	3360469.824606992	3360469.824606992	3360469.824606992	3360469.824606992	3360469.824606992	3360469.824606992	3360469.824606992	3360469.824606992	3360469.824606992	3360469.824606992	3360469.824606992	3360469.824606992	3360469.824606992	3360469.824606992	3360469.824606992	3360469.824606992	3360469.824606992	3360469.824606992	3360469.824606992	3360469.824606992	3360469.824606992	3360469.824606992	3360469.824606992	3360469.824606992	3360469.824606992
3532645.025855673	3532645.025855673	3532645.025855673	3532645.025855673	3532645.025855673	3532645.025855673	3532645.025855673	3532645.025855673	3532645.025855673	3532645.025855673	3532645.025855673	3532645.025855673	3532645.025855673	3532645.025855673	3532645.025855673	3532645.025855673	3532645.025855673	3532645.025855673	3532645.025855673	3532645.025855673	3532645.025855673	3532645.025855673	3532645.025855673	3532645.025855673	3532645.025855673	3532645.025855673	3532645.025855673	3532645.025855673	3532645.025855673	3532645.025855673	3532645.025855673	3532645.025855673	3532645.025855673	3532645.025855673	3532645.025855673	3532645.025855673	3532645.025855673	3532645.025855673	3532645.025855673	3532645.025855673	3532645.025855673	3532645.025855673	3532645.025855673	3532645.025855673	3532645.025855673	3532645.025855673	3532645.025855673	3532645.025855673	3532645.025855673	3532645.025855673	3532645.025855673	3532645.025855673	3532645.025855673	3532645.025855673	3532645.025855673	3532645.025855673	3532645.025855673	3532645.025855673	3532645.025855673	3532645.025855673	3532645.025855673	3532645.025855673	3532645.025855673	3532645.025855673	3532645.025855673	3532645.025855673	3532645.025855673	3532645.025855673	3532645.025855673	3532645.025855673	3532645.025855673	3532645.025855673	3532645.025855673	3532645.025855673	3532645.025855673	3532645.025855673	3532645.025855673	3532645.025855673	3532645.025855673	3532645.025855673	3532645.025855673	3532645.025855673	3532645.025855673	3532645.025855673	3532645.025855673	3532645.025855673	3532645.025855673	3532645.025855673	3532645.025855673	3532645.025855673	3532645.025855673	3532645.025855673	3532645.025855673	3532645.025855673	3532645.025855673	3532645.025855673	3532645.025855673
